199.8	-629.7
7681.0	-383.19756097560975
14783.6	-307.49135802469135
21462.2	-277.30330578512394
27666.6	-255.76583850931675
33447.3	-239.99402985074624
38734.4	-225.74273858921165
43568.5	-212.68754448398576
48198.8	-202.63613707165106
51985.9	-191.66786703601107
55351.0	-179.81724999999997
58394.4	-149.69975
61124.7	-133.432
63660.9	-117.43675
65881.1	-103.08575
67846.8	-89.27475
69610.9	-77.06524999999999
71180.6	-66.49
72587.4	-55.4695
73892.7	-46.91375
75117.1	-40.062
76216.3	-33.59425
77219.9	-27.702499999999997
78157.5	-22.689
79125.6	-18.685750000000002
80002.2	-15.261
80787.5	-12.1435
81563.8	-9.37475
82301.0	-7.10675
82985.7	-5.07375
83714.5	-3.4072500000000003
84389.3	-2.0334999999999996
85033.5	-0.8402499999999999
85680.7	0.06350000000000003
86288.5	1.25675
86922.6	2.0340000000000003
87549.9	2.5010000000000003
88121.6	3.1205000000000003
88709.9	3.5535000000000005
89272.3	3.94925
89825.9	4.49075
90389.2	4.836999999999999
90972.7	5.045
91524.5	5.4094999999999995
92050.2	5.64175
92587.9	5.984
93120.6	6.3397499999999996
93651.3	6.494
94175.2	6.726999999999999
94706.4	6.838749999999999
95234.2	6.9325
95762.5	7.065
96283.7	7.25
96808.4	7.3155
97332.3	7.342499999999999
97856.1	7.381750000000001
98390.4	7.364250000000001
98903.4	7.424250000000001
99435.4	7.406250000000002
99962.6	7.39825
100481.7	7.3862499999999995
101001.5	7.420999999999999
101519.5	7.438
102033.0	7.492999999999999
102544.6	7.52375
103052.1	7.589250000000002
103571.7	7.639499999999998
104093.6	7.5992500000000005
104610.8	7.634
105124.5	7.66775
105635.2	7.722499999999999
106150.3	7.723000000000001
106658.0	7.733
107177.9	7.72375
107686.5	7.724499999999999
108197.7	7.703999999999999
108707.3	7.73125
109230.6	7.745749999999999
109738.1	7.781249999999998
110249.9	7.8084999999999996
110761.6	7.8105
111276.0	7.8235
111785.6	7.83
112299.8	7.835249999999999
112811.7	7.84275
113324.9	7.839999999999999
113835.6	7.83275
114343.7	7.873
114852.2	7.857000000000001
115355.5	7.88275
115863.3	7.910499999999999
116370.1	7.936250000000001
116875.9	7.945750000000001
117383.0	7.976999999999999
117893.9	7.979499999999999
118402.0	7.9990000000000006
118912.2	8.007
119423.9	8.018249999999998
119932.6	8.02675
120437.2	8.016749999999998
181.9		-564.1
7148.1		-351.6878048780488
13372.2		-278.1592592592592
19434.5		-251.4190082644628
25137.9		-231.31863354037267
30207.5		-215.5323383084577
34697.4		-200.72738589211622
39059.3		-189.4427046263345
42896.0		-178.64174454828657
46370.6		-168.64792243767312
49442.2		-158.93175000000002
52232.8		-131.03875
54735.8		-116.402
56949.9		-101.51500000000001
58939.2		-88.49324999999999
60710.7		-76.70349999999999
62328.4		-66.856
63801.9		-56.91775
65156.3		-48.51675
66386.2		-41.218250000000005
67551.4		-34.443000000000005
68616.1		-28.75725
69539.9		-23.700000000000003
70536.6		-19.7175
71434.3		-16.147000000000002
72268.8		-12.980250000000002
73116.2		-10.56175
73865.8		-8.324500000000002
74609.5		-6.435500000000002
75327.0		-4.7585
76017.2		-3.247
76667.1		-1.85675
77323.3		-0.9470000000000001
77952.2		0.3235
78581.5		1.1857499999999999
79184.1		1.932
79783.6		2.8059999999999996
80389.2		3.2627499999999996
80975.1		3.81025
81564.4		4.1735
82145.5		4.6105
82713.9		4.85925
83280.0		5.143000000000001
83830.5		5.384
84384.2		5.59325
84945.4		5.721500000000001
85491.4		5.875500000000001
86024.2		6.102499999999999
86551.7		6.262
87090.0		6.45925
87619.0		6.60525
88153.9		6.73175
88695.3		6.80025
89232.8		6.83275
89760.7		6.94225
90286.3		7.0424999999999995
90823.0		7.08375
91334.4		7.1305
91846.8		7.1659999999999995
92368.1		7.22425
92878.6		7.26375
93393.7		7.302000000000001
93916.9		7.351999999999999
94437.8		7.425
94949.8		7.48275
95458.8		7.53325
95974.7		7.59875
96494.0		7.592499999999999
97015.1		7.58875
97536.7		7.592499999999999
98045.4		7.612750000000001
98549.6		7.664750000000001
99053.3		7.745
99560.7		7.763
100071.7		7.7677499999999995
100585.7		7.766499999999999
101099.4		7.785500000000001
101615.4		7.814
102125.6		7.854749999999998
102632.4		7.894
103148.6		7.89325
103659.1		7.891
104169.3		7.863499999999999
104672.8		7.884499999999998
105174.8		7.920500000000001
105683.4		7.929500000000002
106194.4		7.9362499999999985
106704.5		7.944249999999999
107215.6		7.91275
107718.7		7.928749999999999
108226.7		7.940250000000001
108735.1		7.947750000000001
109249.6		7.955000000000001
109756.3		7.960500000000001
110273.5		7.920250000000001
110775.7		7.9452500000000015
111279.1		7.9575000000000005
111789.7		7.9472499999999995
112304.3		7.9475
112816.2		7.9345
163.5			-506.7
5898.7			-289.4292682926829
11449.3			-233.1901234567901
16689.7			-212.78264462809915
21354.5			-194.38260869565218
25688.4			-179.64776119402984
29635.8			-168.34605809128632
33267.2			-158.31103202846973
36625.9			-149.02367601246104
39473.0			-140.42216066481996
42082.5			-131.661
44353.0			-108.21075
46376.6			-94.978
48185.5			-81.15375000000002
49884.1			-70.47125000000001
51549.2			-61.53125
52913.7			-52.437
54254.8			-44.548249999999996
55500.9			-37.80650000000001
56706.6			-32.04474999999999
57731.7			-26.76075
58735.5			-22.6055
59645.0			-18.78375
60518.9			-15.89125
61378.0			-13.055250000000001
62167.8			-10.098999999999998
62953.7			-8.18825
63714.8			-6.33775
64420.5			-4.588500000000001
65115.6			-2.9924999999999997
65789.4			-1.82625
66461.0			-0.7662500000000001
67103.3			0.08175000000000006
67727.4			0.9334999999999999
68361.7			1.6575000000000002
68983.5			2.21475
69590.5			2.83975
70191.2			3.3667500000000006
70784.7			3.78225
71354.3			4.1297500000000005
71926.6			4.44875
72481.1			4.8315
73065.0			5.0225
73644.6			5.16525
74203.9			5.415750000000001
74751.0			5.643000000000001
75293.6			5.84675
75848.7			6.00575
76398.4			6.148999999999999
76941.0			6.247999999999999
77469.2			6.3942499999999995
78011.5			6.4472499999999995
78556.4			6.605500000000001
79090.3			6.755749999999999
79632.8			6.797750000000001
80169.8			6.8095
80700.6			6.84125
81236.6			6.902500000000001
81765.3			6.925750000000001
82285.4			7.026999999999999
82816.0			7.020999999999999
83335.8			7.063750000000001
83860.4			7.105500000000001
84380.1			7.13425
84899.9			7.21575
85410.6			7.322
85930.9			7.370749999999999
86443.2			7.463749999999999
86965.1			7.492
87489.9			7.464500000000001
88006.5			7.51525
88531.2			7.520999999999999
89057.1			7.52675
89582.3			7.522000000000001
90105.0			7.534999999999999
90625.7			7.51675
91140.4			7.528499999999999
91658.0			7.5040000000000004
92178.2			7.53525
92708.0			7.522749999999999
93229.4			7.517500000000001
93746.5			7.536499999999999
94269.8			7.538499999999999
94786.9			7.558750000000001
95299.2			7.5645
95814.8			7.5795
96329.2			7.595999999999999
96836.8			7.60075
97355.6			7.6155
97868.3			7.66275
98377.3			7.684749999999999
98895.0			7.672
99401.6			7.718249999999999
99913.6			7.7467500000000005
100426.1			7.761999999999999
100936.6			7.7837499999999995
101445.9			7.792
101959.9			7.77825
102473.9			7.783500000000001
102988.0			7.77775
117.7				-342.1
3705.8				-173.6024390243902
7073.7				-141.07037037037037
10272.9				-126.32479338842975
13246.9				-115.28819875776396
15941.3				-105.29203980099503
18244.4				-97.28921161825726
20562.5				-91.22313167259786
22619.1				-85.42616822429906
24509.2				-80.02465373961218
26224.9				-74.475
27933.4				-60.81275000000001
29600.1				-52.963499999999996
30927.6				-45.249
32219.6				-38.845749999999995
33424.9				-33.822500000000005
34523.3				-29.355
35561.0				-24.813750000000002
36472.8				-20.91675
37398.0				-17.925500000000003
38283.8				-15.238
39170.8				-12.431999999999999
40004.2				-9.764500000000002
40754.3				-7.906999999999999
41519.0				-6.1815
42287.2				-4.8435
42998.5				-3.50225
43699.4				-2.40825
44417.8				-1.7335
45112.7				-0.8495000000000001
45791.1				-0.20725
46440.9				0.59275
47080.0				1.2135
47703.4				1.7125
48340.3				2.131
48958.3				2.69325
49582.6				2.9985000000000004
50180.2				3.31975
50770.7				3.725
51362.8				4.022499999999999
51952.3				4.316750000000001
52551.7				4.45625
53130.1				4.616999999999999
53707.5				4.75
54268.5				5.011750000000001
54833.1				5.199250000000001
55406.5				5.328749999999999
55975.6				5.43825
56538.7				5.518
57096.7				5.609999999999999
57644.4				5.7505
58196.4				5.92075
58733.2				6.081000000000001
59279.7				6.155999999999999
59828.9				6.185499999999999
60377.6				6.2455
60917.0				6.402500000000001
61442.5				6.54075
61975.6				6.644999999999999
62523.6				6.67675
63066.6				6.69525
63594.5				6.782500000000001
64119.0				6.85375
64653.0				6.912000000000001
65181.9				6.9875
65722.6				7.0074999999999985
66253.0				7.048
66768.8				7.092499999999999
67303.0				7.105500000000001
67826.0				7.21975
68348.2				7.283000000000001
68879.2				7.266250000000001
69393.3				7.27875
69909.3				7.34625
70440.9				7.35075
70960.7				7.3985
71483.5				7.408499999999999
72011.9				7.33425
72538.0				7.35225
73064.6				7.33425
73594.2				7.3045
74118.3				7.3375
74648.1				7.293750000000001
75166.4				7.297
75676.5				7.3575
76198.2				7.372999999999999
76722.0				7.366000000000001
77249.7				7.406000000000001
77761.6				7.482000000000001
78279.7				7.519
78805.8				7.52775
79321.3				7.5515
79836.2				7.588749999999999
80363.9				7.569750000000001
80891.1				7.527000000000001
81412.4				7.552749999999999
81927.7				7.598750000000001
82442.0				7.60975
82954.7				7.607750000000001
83476.8				7.590999999999999
157.7					-497.9
6413.8					-263.5487804878049
11493.2					-208.3691358024691
15664.3					-176.6785123966942
18936.1					-152.09503105590065
21655.4					-134.4039800995025
24039.1					-120.18464730290457
26362.4					-109.55622775800711
28252.3					-100.20685358255453
30076.7					-92.67063711911358
31800.2					-85.17375000000001
33353.4					-61.6625
34862.6					-48.638999999999996
36354.0					-39.452
37630.3					-33.0945
39116.4					-28.789749999999998
40276.3					-25.039499999999997
41233.0					-21.000499999999995
42235.7					-18.22525
43172.6					-15.45975
44239.6					-13.475
45198.8					-11.702
46132.1					-9.966000000000003
46977.8					-8.087000000000002
47869.6					-6.965250000000002
48894.8					-5.6240000000000006
49715.9					-4.61575
50655.5					-4.52275
51722.8					-4.625749999999999
52617.3					-4.46875
53470.4					-3.8282499999999993
54240.7					-3.2877500000000004
55048.8					-2.9289999999999994
55973.9					-3.1095000000000006
56902.7					-3.2034999999999996
57832.3					-2.9074999999999998
58760.2					-3.1699999999999995
59666.2					-3.0507500000000007
60671.2					-2.8694999999999995
61517.3					-2.71775
62438.1					-2.9304999999999994
63160.1					-2.7977500000000006
63854.0					-2.4604999999999997
64616.5					-2.0172499999999998
65393.4					-1.5804999999999996
66187.9					-1.2149999999999996
66895.2					-0.58025
67715.8					-0.34350000000000025
68352.6					0.6910000000000003
68980.1					1.3117499999999997
69642.9					2.0295
70319.4					2.15375
70985.0					2.24475
71582.6					2.723
72300.6					2.8950000000000005
73105.8					2.8660000000000005
73809.8					2.86375
74525.3					3.1257499999999996
75266.5					2.8369999999999997
75956.2					2.65375
76595.9					2.7212500000000004
77315.1					2.607
77951.9					2.6595
78551.8					2.6439999999999997
79132.7					3.0159999999999996
79772.4					3.492
80533.3					3.31675
81119.7					3.6799999999999997
81693.1					4.1572499999999994
82375.7					4.186249999999999
82961.7					4.352
83507.4					4.850250000000001
84027.9					5.190499999999999
84541.0					5.424
85049.0					5.64075
85561.5					5.98875
86068.8					6.7
86570.4					6.944249999999999
87074.3					7.1135
87580.0					7.589499999999999
88090.9					7.8004999999999995
88597.4					7.91725
89109.6					7.949249999999999
89616.1					7.9905
90122.0					7.975499999999999
90644.5					7.946
91148.0					7.9735
91660.2					7.938
92172.3					7.924249999999999
92679.2					7.936999999999999
93184.9					7.947750000000001
93683.1					7.955000000000001
94181.8					7.979750000000001
94694.2					7.942500000000001
95204.1					7.939250000000001
95712.8					7.987250000000001
96212.1					7.986500000000001
96717.6					8.028
97223.1					8.04225
97735.1					8.00475
162.1						-493.9
4594.3						-182.49756097560976
8322.9						-145.14814814814812
11799.7						-125.89421487603303
14962.3						-113.12670807453415
17970.8						-104.00845771144277
20730.1						-96.30290456431536
23403.3						-90.19217081850533
26107.7						-85.89501557632397
28503.2						-81.701108033241
30912.0						-77.24674999999999
32909.0						-63.272499999999994
35139.6						-56.697
37055.4						-51.27275000000001
39058.4						-47.279500000000006
40762.5						-43.1665
42511.5						-40.13825
44143.8						-37.15875
45992.1						-34.653999999999996
47496.5						-31.908000000000005
48956.0						-29.102749999999997
50556.8						-27.89025
51869.3						-25.279249999999998
53139.6						-23.369999999999997
54655.8						-21.95425
56297.6						-21.73775
57726.5						-20.818999999999996
59055.9						-19.999499999999998
60182.1						-17.888250000000003
61322.3						-16.80675
62626.6						-16.30175
63734.5						-14.891
64896.7						-14.426749999999998
66025.0						-14.001249999999999
66993.6						-12.4545
67958.1						-10.538499999999999
69195.4						-9.9785
70253.2						-9.175749999999999
71277.5						-8.8565
72221.4						-8.29375
73073.6						-7.021000000000001
74080.4						-6.742
75118.1						-6.39175
75947.4						-5.566249999999999
76954.9						-5.66125
77800.6						-5.32675
78700.3						-4.40175
79476.6						-3.62
80263.2						-2.9807499999999996
81009.3						-2.4435000000000002
81778.4						-2.21325
82540.4						-1.5262499999999999
83219.5						-0.5120000000000001
83866.9						0.007249999999999801
84567.5						0.8517500000000002
85200.8						1.4472499999999997
85844.2						2.196
86429.4						2.7375
87035.0						3.246249999999999
87664.3						3.5794999999999995
88285.7						3.96975
88883.2						4.417750000000001
89460.5						4.676
90019.9						4.917
90552.0						5.379500000000002
91149.3						5.461250000000001
91700.3						5.70125
92208.9						5.91075
92720.4						6.17
93228.7						6.500249999999999
93741.3						6.81875
94247.2						7.07775
94755.3						7.2935
95265.6						7.4387500000000015
95770.6						7.52075
96288.3						7.7685
96803.7						7.879249999999999
97313.3						7.8835
97823.2						7.8875
98328.9						7.894
98829.8						7.920999999999999
99346.4						7.878500000000001
99867.6						7.848000000000001
100378.3						7.842500000000001
100892.6						7.814750000000001
101402.9						7.828749999999999
101913.4						7.858999999999999
102423.7						7.8572500000000005
102937.9						7.859999999999999
103447.6						7.86575
103961.3						7.8382499999999995
104479.7						7.854000000000001
104988.3						7.8652500000000005
105502.9						7.855499999999999
106016.5						7.868499999999999
106529.1						7.855999999999999
107041.3						7.829249999999999
107550.4						7.83
108055.6						7.848000000000001
108560.7						7.84825
56.4							-146.7
1768.6							-64.41463414634146
3452.8							-51.35679012345679
5212.5							-45.26776859504132
7170.9							-42.89813664596273
9187.0							-41.51393034825871
11426.9							-41.47676348547718
13604.9							-41.14768683274021
15798.2							-41.10996884735202
17814.2							-40.50304709141274
19679.1							-39.24075
21744.5							-36.661
23471.6							-35.512
25220.8							-34.98100000000001
26734.8							-33.45375
28236.1							-31.93874999999999
29522.0							-29.200499999999998
31146.3							-27.6295
32574.6							-25.3915
34010.3							-23.681250000000002
35400.3							-22.329
36808.4							-20.42775
37940.0							-18.770249999999997
39043.6							-16.947750000000003
40282.8							-16.182750000000002
41360.7							-14.909749999999999
42334.1							-14.0535
43365.2							-12.409249999999998
44227.0							-10.779250000000001
45034.9							-8.986999999999998
45956.2							-7.694500000000001
46687.3							-5.778499999999999
47487.9							-4.819000000000001
48412.9							-4.250249999999999
49309.8							-3.2640000000000002
50084.9							-2.4372499999999997
51030.1							-2.32925
51883.4							-1.7984999999999993
52716.4							-1.6747500000000002
53527.2							-1.6640000000000001
54279.3							-1.1539999999999997
55021.1							-1.177
55743.1							-0.9602499999999999
56535.5							-0.5867500000000004
57273.6							-0.1582499999999995
58014.3							-0.02949999999999999
58871.1							0.2282499999999998
59500.9							0.8454999999999997
60233.9							1.1187500000000001
60983.0							1.2662499999999999
61846.8							0.945
62611.1							0.9
63444.9							0.5860000000000001
64145.1							0.8345000000000002
64861.2							0.9060000000000002
65645.6							0.7727500000000003
66285.2							1.3704999999999996
67010.1							1.12075
67833.2							0.8422499999999999
68496.6							1.1157500000000002
69235.9							1.5079999999999998
69938.4							1.6640000000000004
70651.1							2.01775
71473.0							1.6737500000000005
72231.4							1.5544999999999998
72835.7							2.0632499999999996
73526.4							1.92275
74209.6							2.03525
74949.1							2.3027499999999996
75589.6							2.3502500000000004
76211.6							2.6405000000000003
76779.9							2.9917500000000006
77382.1							3.2987500000000005
77890.5							4.1785
78461.3							4.713500000000001
79029.7							4.8069999999999995
79634.4							5.03325
80170.9							5.439
80688.1							6.0315
81199.6							6.39825
81705.4							6.728500000000001
82226.7							6.87975
82747.2							7.108000000000001
83266.7							7.087000000000001
83773.4							7.263000000000001
84281.2							7.44825
84793.6							7.711999999999999
85308.3							7.7605
85829.9							7.767500000000001
86340.1							7.761750000000001
86843.6							7.772
87354.6							7.82025
87868.2							7.846500000000001
88380.9							7.867999999999999
88891.9							7.850500000000001
89406.9							7.816750000000001
89925.0							7.802499999999999
90433.9							7.83725
90936.6							7.8845
91451.4							7.870749999999999
328.7								-385.5666666666667
498.5								-280.98333333333335
598.4								-215.0222222222222
664.1								-168.54166666666666
722.6								-138.61333333333332
780.4								-118.72222222222221
832.7								-102.79523809523808
884.5								-90.90416666666667
937.7								-81.87407407407407
985.4								-73.74666666666668
1032.1								-35.666666666666664
1082.2								-18.64666666666667
1128.3								-10.403333333333332
1173.4								-7.466666666666667
1221.8								-5.72
1267.9								-3.7699999999999996
1310.2								-2.5966666666666667
1352.7								-1.4166666666666667
1394.5								-0.07666666666666674
1438.8								0.3366666666666666
1490.7								0.3133333333333334
1531.9								1.5099999999999998
1579.5								1.34
1624.5								1.313333333333333
1668.1								1.653333333333333
1713.6								1.7333333333333336
1758.3								1.5333333333333332
1802.2								1.5466666666666669
1847.5								1.3699999999999999
1889.4								1.4500000000000002
1930.6								2.4066666666666667
1974.2								2.0266666666666664
2016.6								2.83
2061.3								3.0200000000000005
2099.7								3.4333333333333336
2142.7								3.6066666666666665
2186.0								3.7733333333333325
2227.0								3.810000000000001
2271.2								3.8766666666666665
2316.6								3.7299999999999995
2359.4								3.6766666666666667
2403.0								3.9466666666666663
2448.4								3.8166666666666655
2491.0								4.216666666666667
2533.6								4.1066666666666665
2573.7								4.383333333333334
2613.6								4.586666666666666
2655.0								4.6033333333333335
2697.0								4.916666666666666
2742.2								5.043333333333333
2784.4								5.003333333333333
2827.0								5.0666666666666655
2866.4								5.386666666666667
2909.5								5.34
2952.1								5.4
2994.5								5.173333333333334
3037.3								4.956666666666667
3080.6								4.8933333333333335
3131.1								4.459999999999999
3170.3								4.66
3216.9								4.393333333333333
3257.8								4.33
3297.9								4.216666666666667
3341.9								4.096666666666667
3384.2								4.0166666666666675
3424.8								4.226666666666666
3467.6								4.346666666666667
3508.1								4.4399999999999995
3549.9								4.91
3604.2								4.406666666666666
3644.4								4.92
3686.0								4.986666666666666
3731.8								4.6466666666666665
3772.3								4.7333333333333325
3809.7								4.836666666666666
3851.0								4.873333333333334
3894.1								4.863333333333333
3935.9								5.029999999999999
3975.6								5.160000000000001
4014.5								5.763333333333334
4059.3								5.640000000000001
4102.2								5.626666666666667
4145.0								5.816666666666667
4187.1								6.003333333333333
4228.3								6.056666666666667
4270.5								5.936666666666666
4311.3								6.013333333333334
4354.7								5.839999999999999
4399.1								5.443333333333333
4444.2								5.176666666666667
4485.4								5.296666666666666
4528.9								5.336666666666667
4570.8								5.426666666666667
4611.0								5.340000000000001
4654.9								5.25
4698.2								5.2733333333333325
4738.5								5.380000000000001
4780.0								5.3533333333333335
4822.7								5.290000000000001
4864.2								5.380000000000001
