339	-402.0
427	-218.66666666666666
491	-150.88888888888889
563	-119.16666666666667
614	-95.73333333333333
663	-80.5
785	-86.38095238095238
847	-77.41666666666667
900	-70.11111111111111
954	-63.4
1003	-23.333333333333332
1048	-19.2
1102	-17.666666666666668
1152	-15.133333333333333
1199	-15.6
1256	-15.866666666666667
1305	-4.133333333333334
1352	-2.7333333333333334
1411	-2.033333333333333
1453	-1.0333333333333334
1498	-0.9
1561	-2.1
1616	-2.1333333333333333
1658	-1.5666666666666667
1716	-1.3333333333333333
1769	-0.9
1820	-0.6666666666666666
1863	0.06666666666666667
1904	0.36666666666666664
1946	0.36666666666666664
1996	0.2
2036	1.5666666666666667
2086	1.7333333333333334
2121	1.0666666666666667
2168	2.033333333333333
2218	2.1333333333333333
2273	1.4
2317	1.3666666666666667
2361	1.8666666666666667
2409	1.6666666666666667
2457	2.3333333333333335
2504	1.8
2559	1.9333333333333333
2609	2.033333333333333
2660	1.3
2700	2.2333333333333334
2735	3.8
2779	3.8
2824	3.466666666666667
2878	2.966666666666667
2924	3.033333333333333
2960	3.7
3004	4.066666666666666
3055	4.033333333333333
3091	5.133333333333334
3134	5.033333333333333
3176	4.2
3243	2.2333333333333334
3285	2.6333333333333333
3329	3.2666666666666666
3384	2.6666666666666665
3434	2.2
3468	2.533333333333333
3505	3.3
3554	2.8666666666666667
3596	2.6
3637	3.533333333333333
3678	5.3
3731	5.233333333333333
3766	5.533333333333333
3811	6.166666666666667
3850	6.233333333333333
3900	5.4
3947	4.766666666666667
3994	4.533333333333333
4050	3.7666666666666666
4095	3.3333333333333335
4138	3.2666666666666666
4179	3.6666666666666665
4227	2.6333333333333333
4280	-0.03333333333333333
4323	-0.16666666666666666
4365	0.1
4397	0.9
4436	1.4666666666666666
4478	2.2333333333333334
4521	2.3
4569	2.1333333333333333
4618	1.5666666666666667
4658	2.433333333333333
4699	5.233333333333333
4747	5.366666666666666
4782	5.9
4828	5.433333333333334
4878	4.766666666666667
4924	4.633333333333334
4962	4.8
4998	5.2
5042	5.666666666666667
5083	5.333333333333333
316		-345.3333333333333
394		-197.66666666666666
458		-145.88888888888889
534		-121.75
649		-118.26666666666667
691		-97.88888888888889
757		-87.9047619047619
805		-76.29166666666667
862		-69.5925925925926
914		-63.46666666666667
961		-28.4
1002		-22.966666666666665
1056		-19.633333333333333
1101		-14.1
1140		-3.466666666666667
1184		-4.133333333333334
1224		-0.5666666666666667
1289		-2.6333333333333333
1328		-0.23333333333333334
1384		-0.6666666666666666
1433		-0.7333333333333333
1477		-1.1333333333333333
1516		0.26666666666666666
1561		-0.03333333333333333
1596		0.7
1638		1.6666666666666667
1687		1.0666666666666667
1730		3.0
1785		2.1666666666666665
1827		3.533333333333333
1867		3.533333333333333
1904		4.366666666666666
1951		2.9
1996		2.3
2030		1.7333333333333334
2068		1.8666666666666667
2101		2.7
2145		2.966666666666667
2184		3.8
2230		4.266666666666667
2271		4.533333333333333
2308		3.933333333333333
2345		5.766666666666667
2392		6.6
2433		6.966666666666667
2468		7.066666666666666
2511		6.733333333333333
2562		5.6
2608		5.366666666666666
2651		5.466666666666667
2696		5.333333333333333
2733		5.933333333333334
2777		5.7
2824		5.4
2865		5.1
2909		4.5
2954		4.133333333333334
2991		5.5
3046		4.9
3079		5.233333333333333
3113		5.0
3165		4.5
3203		4.4
3258		3.8333333333333335
3286		4.566666666666666
3327		4.966666666666667
3372		4.966666666666667
3414		4.5
3450		5.433333333333334
3485		5.066666666666666
3521		5.6
3567		5.5
3604		5.833333333333333
3651		6.1
3691		5.4
3738		5.2
3784		5.166666666666667
3827		5.133333333333334
3865		5.066666666666666
3916		4.833333333333333
3953		4.8
3985		5.566666666666666
4026		5.433333333333334
4067		6.233333333333333
4117		5.6
4163		5.633333333333334
4211		5.866666666666666
4253		6.2
4306		5.4
4354		5.5
4397		5.0
4440		4.333333333333333
4473		4.6
4511		4.7
4547		5.766666666666667
4585		5.733333333333333
4620		6.166666666666667
4658		6.3
4705		6.8
4738		7.0
248			-304.6666666666667
422			-254.83333333333334
528			-201.66666666666666
568			-151.58333333333334
606			-120.2
649			-99.55555555555556
686			-84.0952380952381
739			-73.54166666666667
782			-66.29629629629629
826			-59.03333333333333
867			-28.433333333333334
917			-8.1
968			1.2333333333333334
1019			1.7666666666666666
1074			-0.3
1130			-1.6333333333333333
1179			-2.033333333333333
1227			-1.8666666666666667
1274			-0.5
1322			-0.6333333333333333
1366			-0.13333333333333333
1406			0.5
1453			1.2333333333333334
1501			0.7333333333333333
1547			2.533333333333333
1585			4.033333333333333
1632			3.8
1681			3.466666666666667
1733			3.3
1782			2.966666666666667
1826			2.3666666666666667
1861			2.8333333333333335
1903			2.7
1946			3.466666666666667
2000			3.2
2035			3.3
2072			3.6333333333333333
2120			3.966666666666667
2161			4.033333333333333
2197			4.766666666666667
2229			5.766666666666667
2268			5.633333333333334
2324			4.866666666666666
2364			4.966666666666667
2401			5.833333333333333
2441			5.666666666666667
2487			5.366666666666666
2529			5.566666666666666
2576			5.366666666666666
2615			5.266666666666667
2661			4.2
2708			2.7333333333333334
2750			3.8
2792			3.7333333333333334
2826			3.533333333333333
2874			3.2666666666666666
2921			3.2333333333333334
2957			3.7333333333333334
2991			4.466666666666667
3030			4.466666666666667
3060			5.3
3107			6.5
3150			6.466666666666667
3182			6.8
3223			6.866666666666666
3264			7.1
3311			7.4
3347			7.4
3386			7.233333333333333
3421			7.366666666666666
3465			7.2
3505			7.133333333333334
3545			6.933333333333334
3594			5.766666666666667
3631			5.6
3675			5.5
3724			5.133333333333334
3757			4.933333333333334
3799			4.533333333333333
3843			4.233333333333333
3877			4.566666666666666
3917			4.866666666666666
3957			5.166666666666667
3999			6.0
4044			5.733333333333333
4085			5.833333333333333
4126			6.4
4169			6.366666666666666
4212			6.333333333333333
4249			6.266666666666667
4283			6.266666666666667
4317			6.466666666666667
4361			6.033333333333333
4405			5.666666666666667
4445			6.133333333333334
4490			6.3
4535			5.566666666666666
4579			5.533333333333333
4621			5.866666666666666
4671			5.733333333333333
345				-455.0
456				-264.0
537				-188.0
579				-141.5
631				-114.26666666666667
680				-96.44444444444444
725				-83.0952380952381
780				-75.375
833				-67.62962962962963
879				-60.6
937				-16.133333333333333
986				-9.866666666666667
1039				-7.133333333333334
1087				-7.033333333333333
1122				-6.166666666666667
1172				-5.6
1221				-6.333333333333333
1262				-3.7666666666666666
1306				-3.1666666666666665
1349				-2.7666666666666666
1390				-1.3
1435				0.03333333333333333
1480				1.5
1516				2.2
1559				2.2333333333333334
1600				3.1333333333333333
1637				5.033333333333333
1680				4.966666666666667
1724				4.666666666666667
1761				4.866666666666666
1802				5.166666666666667
1848				5.433333333333334
1892				5.166666666666667
1935				4.933333333333334
1968				5.566666666666666
2015				5.366666666666666
2049				5.466666666666667
2095				5.066666666666666
2132				6.2
2168				6.233333333333333
2210				5.6
2259				5.5
2295				5.766666666666667
2340				5.7
2372				5.733333333333333
2407				6.133333333333334
2445				6.0
2484				6.833333333333333
2523				6.766666666666667
2567				6.5
2602				7.333333333333333
2641				7.666666666666667
2687				7.633333333333334
2725				8.166666666666666
2760				8.066666666666666
2800				7.9
2846				7.333333333333333
2895				7.0
2936				6.933333333333334
2976				6.766666666666667
3015				6.633333333333334
3050				6.466666666666667
3091				6.333333333333333
3133				6.2
3168				6.2
3206				6.266666666666667
3257				6.4
3295				6.766666666666667
3335				6.8
3366				7.1
3406				6.766666666666667
3450				6.466666666666667
3494				6.666666666666667
3542				6.466666666666667
3583				6.266666666666667
3613				6.533333333333333
3661				6.633333333333334
3704				6.466666666666667
3746				5.8
3790				5.666666666666667
3829				5.7
3876				5.6
3929				4.7
3970				4.633333333333334
4011				4.333333333333333
4058				3.1666666666666665
4100				3.3666666666666667
4131				3.7666666666666666
4168				4.533333333333333
4211				3.966666666666667
4251				4.233333333333333
4292				4.733333333333333
4333				5.433333333333334
4373				5.766666666666667
4405				6.366666666666666
4441				7.333333333333333
4486				7.233333333333333
4522				7.066666666666666
4568				6.466666666666667
4603				7.333333333333333
528					-628.0
638					-353.3333333333333
725					-257.22222222222223
801					-206.75
848					-166.73333333333332
896					-138.61111111111111
938					-119.0952380952381
974					-103.45833333333333
1009					-91.25925925925925
1070					-84.16666666666667
1115					-22.266666666666666
1169					-14.7
1220					-8.4
1274					-4.666666666666667
1323					-4.133333333333334
1362					-4.133333333333334
1402					-3.1666666666666665
1454					-4.3
1502					-4.733333333333333
1543					-2.566666666666667
1588					-1.9666666666666666
1630					-1.2666666666666666
1662					-0.03333333333333333
1696					2.7333333333333334
1730					3.533333333333333
1775					3.933333333333333
1828					2.9
1873					3.7333333333333334
1918					4.133333333333334
1968					4.433333333333334
2014					5.0
2054					5.366666666666666
2101					4.266666666666667
2171					0.06666666666666667
2204					0.4
2240					0.7
2277					1.8333333333333333
2316					2.3333333333333335
2356					2.5
2399					2.433333333333333
2445					2.7333333333333334
2487					2.6666666666666665
2529					3.433333333333333
2572					7.033333333333333
2618					6.0
2649					6.166666666666667
2694					5.9
2725					6.166666666666667
2762					5.966666666666667
2793					6.666666666666667
2834					6.233333333333333
2873					6.333333333333333
2914					6.066666666666666
2944					6.8
2988					6.266666666666667
3028					5.966666666666667
3068					6.133333333333334
3109					5.8
3142					6.233333333333333
3188					5.733333333333333
3235					6.133333333333334
3288					5.666666666666667
3324					6.133333333333334
3376					5.1
3417					5.8
3459					5.433333333333334
3498					5.466666666666667
3539					5.466666666666667
3581					5.166666666666667
3622					5.333333333333333
3666					5.133333333333334
3707					5.533333333333333
3745					5.466666666666667
3781					6.3
3822					6.3
3866					6.533333333333333
3906					6.2
3942					6.366666666666666
3985					6.333333333333333
4025					6.366666666666666
4064					6.233333333333333
4097					6.2
4149					5.133333333333334
4199					4.366666666666666
4237					5.066666666666666
4277					5.2
4314					5.6
4366					5.066666666666666
4412					4.966666666666667
4453					4.633333333333334
4486					5.433333333333334
4525					5.533333333333333
4568					6.433333333333334
4614					6.566666666666666
4662					6.233333333333333
4701					6.266666666666667
4743					6.1
4779					6.633333333333334
4819					6.833333333333333
4856					6.966666666666667
271						-349.3333333333333
391						-236.66666666666666
485						-179.22222222222223
540						-136.75
581						-107.93333333333334
623						-88.77777777777777
657						-74.71428571428571
703						-65.04166666666667
756						-59.77777777777778
810						-55.0
850						-19.9
887						-6.633333333333334
950						-2.6
995						-1.3666666666666667
1044						-2.2333333333333334
1094						-4.0
1133						-4.466666666666667
1175						-4.333333333333333
1223						-2.066666666666667
1269						-0.9
1312						-0.4
1353						-0.8333333333333334
1391						1.8
1437						1.4666666666666666
1487						0.5333333333333333
1528						2.033333333333333
1582						1.2333333333333334
1631						0.7
1680						0.36666666666666664
1724						-0.7666666666666667
1775						-1.3333333333333333
1816						-1.0333333333333334
1858						-0.5666666666666667
1899						0.2
1957						0.5333333333333333
2003						0.36666666666666664
2047						0.4
2089						0.9333333333333333
2138						0.3333333333333333
2180						1.6
2224						1.8333333333333333
2266						1.8
2308						1.8
2346						1.3
2390						2.066666666666667
2427						2.6666666666666665
2478						3.3333333333333335
2521						3.3
2564						4.4
2612						4.5
2665						4.2
2712						2.8333333333333335
2761						2.3
2803						2.466666666666667
2840						3.0
2888						2.3333333333333335
2930						2.6333333333333333
2979						2.1333333333333333
3018						2.2666666666666666
3062						2.7
3103						3.1
3150						4.3
3184						5.1
3250						4.0
3297						3.6666666666666665
3345						3.6666666666666665
3380						3.6
3422						4.433333333333334
3460						4.466666666666667
3501						4.266666666666667
3542						4.266666666666667
3592						3.8666666666666667
3628						3.5
3673						4.8
3718						5.166666666666667
3763						5.266666666666667
3805						5.333333333333333
3844						5.433333333333334
3880						5.5
3924						5.4
3961						5.533333333333333
4009						5.6
4058						5.466666666666667
4103						5.466666666666667
4149						5.433333333333334
4193						5.466666666666667
4232						5.266666666666667
4267						5.1
4313						4.766666666666667
4357						5.066666666666666
4402						4.8
4435						5.6
4486						5.233333333333333
4527						5.366666666666666
4567						4.966666666666667
4601						5.6
4646						5.7
4691						5.366666666666666
4731						4.666666666666667
4772						4.766666666666667
443							-427.6666666666667
727							-401.1666666666667
781							-269.44444444444446
842							-205.66666666666666
941							-181.93333333333334
1017							-158.83333333333334
1079							-140.38095238095238
1133							-125.08333333333333
1176							-110.44444444444444
1222							-98.83333333333333
1271							-56.8
1338							-23.666666666666668
1396							-24.1
1431							-21.733333333333334
1475							-13.3
1511							-8.066666666666666
1555							-5.066666666666666
1597							-3.1666666666666665
1652							-5.066666666666666
1689							-5.366666666666666
1743							-7.033333333333333
1780							-1.8333333333333333
1821							-0.6666666666666666
1871							-1.1666666666666667
1922							-1.7
1961							-1.8
2012							-2.933333333333333
2049							-2.466666666666667
2091							-0.8333333333333334
2134							-0.43333333333333335
2173							2.7666666666666666
2206							2.6
2246							2.933333333333333
2295							2.966666666666667
2337							4.466666666666667
2382							4.266666666666667
2419							5.933333333333334
2462							5.433333333333334
2495							6.033333333333333
2528							6.366666666666666
2572							6.2
2611							6.3
2661							5.666666666666667
2705							5.533333333333333
2741							5.733333333333333
2789							5.033333333333333
2832							4.833333333333333
2878							5.333333333333333
2926							4.833333333333333
2968							4.533333333333333
3006							4.433333333333334
3051							3.6333333333333333
3092							4.233333333333333
3136							4.533333333333333
3177							4.366666666666666
3221							5.1
3269							4.633333333333334
3306							4.933333333333334
3344							5.266666666666667
3392							4.466666666666667
3437							4.533333333333333
3483							4.8
3524							5.1
3564							5.233333333333333
3602							5.333333333333333
3635							5.4
3677							5.9
3720							4.8
3757							4.833333333333333
3801							5.566666666666666
3840							5.466666666666667
3881							5.333333333333333
3921							5.066666666666666
3968							4.533333333333333
4002							4.666666666666667
4040							4.2
4088							4.3
4124							5.433333333333334
4160							5.166666666666667
4199							5.033333333333333
4233							5.5
4267							6.333333333333333
4308							6.6
4345							7.233333333333333
4392							6.8
4431							7.366666666666666
4475							7.5
4522							7.133333333333334
4560							7.366666666666666
4593							7.866666666666666
4629							7.8
4677							7.333333333333333
4720							7.266666666666667
4762							6.8
4797							7.2
4847							6.533333333333333
4897							6.333333333333333
4942							6.1
4980							6.1
5023							5.466666666666667
221								-238.66666666666666
340								-176.66666666666666
436								-152.44444444444446
508								-123.33333333333333
565								-102.46666666666667
621								-89.0
668								-77.23809523809524
711								-67.125
755								-59.2962962962963
794								-53.166666666666664
843								-29.133333333333333
897								-17.666666666666668
946								-7.4
988								-3.1
1042								-0.9
1088								1.8333333333333333
1129								3.2333333333333334
1175								1.9333333333333333
1209								2.2666666666666666
1245								2.966666666666667
1285								3.2666666666666666
1325								3.433333333333333
1372								3.8
1420								3.3
1452								4.033333333333333
1498								3.433333333333333
1542								3.3333333333333335
1589								4.8
1628								4.633333333333334
1678								3.8666666666666667
1717								3.6
1752								4.366666666666666
1795								3.6
1834								3.9
1875								3.6
1919								3.066666666666667
1968								2.9
2019								2.466666666666667
2069								2.4
2105								3.1666666666666665
2140								3.9
2182								3.6666666666666665
2225								4.566666666666666
2262								4.933333333333334
2308								4.766666666666667
2354								5.3
2401								5.366666666666666
2451								5.1
2488								5.533333333333333
2528								5.4
2564								5.366666666666666
2607								5.333333333333333
2650								5.633333333333334
2692								5.166666666666667
2729								5.466666666666667
2766								6.366666666666666
2804								6.366666666666666
2848								7.166666666666667
2893								6.6
2930								6.7
2970								5.966666666666667
3007								6.166666666666667
3048								6.233333333333333
3083								6.766666666666667
3126								6.566666666666666
3157								6.766666666666667
3191								7.2
3242								6.666666666666667
3296								3.3666666666666667
3336								3.2666666666666666
3384								3.6
3426								3.433333333333333
3462								3.3
3502								2.8333333333333335
3539								3.033333333333333
3573								2.933333333333333
3614								2.7
3656								3.3
3697								7.033333333333333
3736								7.066666666666666
3778								6.966666666666667
3826								6.766666666666667
3858								6.9
3900								7.133333333333334
3937								7.133333333333334
3991								6.166666666666667
4033								5.533333333333333
4075								5.533333333333333
4108								5.8
4154								5.566666666666666
4197								5.833333333333333
4235								6.166666666666667
4272								5.7
4302								6.1
4346								5.566666666666666
4375								6.7
4411								7.2
4456								6.8
4500								6.133333333333334
4538								6.4
219									-253.0
401									-230.33333333333334
478									-166.11111111111111
550									-131.33333333333334
629									-113.33333333333333
692									-98.94444444444444
746									-84.80952380952381
788									-73.33333333333333
832									-65.14814814814815
876									-58.3
926									-32.86666666666667
971									-11.8
1016									-7.733333333333333
1090									-8.1
1132									-3.566666666666667
1183									-1.9666666666666666
1243									-2.7666666666666666
1296									-4.933333333333334
1347									-4.566666666666666
1386									-4.4
1428									-3.8333333333333335
1479									-4.933333333333334
1533									-5.233333333333333
1573									-1.7
1622									-1.9333333333333333
1667									-0.23333333333333334
1704									1.1333333333333333
1751									3.1333333333333333
1796									3.3333333333333335
1833									3.4
1872									3.2
1920									4.5
1956									5.4
2004									5.433333333333334
2041									6.133333333333334
2083									6.233333333333333
2126									6.333333333333333
2168									6.2
2214									6.166666666666667
2245									6.066666666666666
2293									5.766666666666667
2326									6.266666666666667
2373									5.9
2409									6.3
2445									6.033333333333333
2488									6.0
2535									5.866666666666666
2568									6.466666666666667
2608									6.666666666666667
2652									6.233333333333333
2698									6.3
2752									5.6
2794									5.766666666666667
2849									4.833333333333333
2889									5.0
2929									5.1
2967									5.4
3005									4.933333333333334
3048									4.833333333333333
3097									4.966666666666667
3142									5.3
3185									5.666666666666667
3229									5.6
3276									6.166666666666667
3329									5.433333333333334
3370									5.1
3419									4.433333333333334
3463									4.233333333333333
3503									4.333333333333333
3535									5.2
3583									5.1
3630									4.966666666666667
3673									5.0
3711									5.3
3749									5.8
3791									5.466666666666667
3821									6.4
3866									6.666666666666667
3919									5.933333333333334
3957									5.733333333333333
3998									5.966666666666667
4032									6.4
4072									6.5
4115									6.033333333333333
4155									5.966666666666667
4200									6.466666666666667
4239									5.866666666666666
4277									6.1
4315									6.9
4355									6.233333333333333
4406									5.9
4462									4.566666666666666
4505									3.8666666666666667
4548									4.166666666666667
4591									4.366666666666666
4629									4.6
4673									4.433333333333334
4720									4.133333333333334
4756									3.9
4802									4.3
290										-322.6666666666667
396										-206.0
512										-172.22222222222223
632										-148.16666666666666
677										-119.13333333333334
721										-99.22222222222223
790										-90.47619047619048
850										-81.29166666666667
899										-73.07407407407408
936										-64.9
991										-32.96666666666667
1035										-23.7
1101										-15.733333333333333
1153										-8.666666666666666
1193										-7.6
1257										-8.566666666666666
1290										-3.7666666666666666
1330										-1.3
1362										0.16666666666666666
1410										-0.8
1445										0.16666666666666666
1483										0.6666666666666666
1522										3.966666666666667
1574										4.866666666666666
1622										4.3
1664										5.933333333333334
1720										4.866666666666666
1755										5.033333333333333
1798										4.966666666666667
1827										5.9
1866										6.066666666666666
1911										5.833333333333333
1958										5.566666666666666
2005										5.433333333333334
2042										6.1
2093										5.8
2137										6.2
2179										5.966666666666667
2218										6.1
2252										5.933333333333334
2290										5.966666666666667
2333										6.033333333333333
2375										6.2
2421										6.533333333333333
2483										4.8
2525										5.1
2566										5.2
2613										5.033333333333333
2656										4.9
2694										4.766666666666667
2731										4.8
2775										4.466666666666667
2820										4.066666666666666
2863										3.8666666666666667
2910										4.966666666666667
2953										4.333333333333333
3000										4.433333333333334
3040										4.066666666666666
3071										4.466666666666667
3108										4.5
3144										4.533333333333333
3188										4.533333333333333
3232										4.866666666666666
3268										4.8
3305										5.133333333333334
3357										4.833333333333333
3404										4.833333333333333
3453										4.533333333333333
3494										4.2
3524										4.733333333333333
3562										4.666666666666667
3604										5.033333333333333
3641										4.966666666666667
3676										5.6
3717										5.766666666666667
3765										6.2
3814										6.133333333333334
3854										7.033333333333333
3898										6.633333333333334
3947										6.0
3982										6.1
4027										6.0
4074										5.966666666666667
4120										5.6
4157										5.733333333333333
4198										6.266666666666667
4244										6.366666666666666
4280										6.5
4323										6.233333333333333
4368										6.066666666666666
4408										5.9
4445										5.866666666666666
4492										5.266666666666667
4549										4.9
4594										4.633333333333334
4633										4.1
4677										4.166666666666667
4718										3.7
4757										4.433333333333334
4795										4.366666666666666
