420	0.0
747	0.0
1016	0.0
1217	0.0
1447	0.0
2060	0.0
2863	0.0
3246	0.0
4183	0.0
4939	0.0
5823	0.0
8887	0.0
15764	0.04
16815	0.06
17975	0.1
18857	0.18
19708	0.28
20695	0.36
21754	0.46
25966	0.56
26994	0.66
27720	0.76
28836	0.8
29652	0.88
30403	0.94
31213	0.96
32047	0.96
32962	0.96
37195	0.94
38007	0.94
38876	0.94
39770	0.94
40629	0.94
41308	0.94
41947	0.94
42814	0.92
43459	0.9
44146	0.92
44934	0.92
45836	0.9
46597	0.9
47433	0.9
48181	0.92
48962	0.92
49614	0.92
50344	0.94
51162	0.96
52038	0.96
52763	0.98
53527	1.0
54275	1.0
54984	1.0
55652	1.0
56448	1.0
57054	1.0
57788	1.0
58585	1.0
60519	1.0
61252	1.0
61912	0.98
62665	0.98
63364	0.98
64029	0.98
64831	0.98
65520	0.98
66260	0.98
66967	0.98
67612	0.96
68460	0.96
69262	0.98
69938	0.98
70642	0.98
71283	0.98
72015	0.98
72676	0.98
73401	0.98
74118	0.98
74801	1.0
75510	1.0
76438	1.0
77056	1.0
77732	1.0
79287	0.98
80024	0.98
80648	0.96
81335	0.96
82076	0.96
82662	0.96
83457	0.96
84400	0.96
85110	0.96
85816	0.96
86488	0.98
87115	0.98
87766	1.0
88351	0.98
89158	0.98
89969	0.98
90781	0.98
91452	0.98
356		0.0
631		0.0
976		0.0
1424		0.0
1745		0.0
2079		0.0
2742		0.0
3415		0.0
3877		0.0
9053		0.0
9629		0.0
10543		0.0
11569		0.0
13202		0.02
14453		0.08
15533		0.14
16548		0.22
17712		0.3
18678		0.38
19475		0.44
20328		0.52
21025		0.62
21986		0.72
22777		0.8
23771		0.84
24446		0.88
25288		0.9
26061		0.92
26810		0.92
27592		0.96
28306		0.98
38896		0.96
39738		0.96
40470		0.96
41278		0.96
42009		0.96
53731		0.92
54551		0.92
55306		0.94
56129		0.94
56929		0.94
69945		0.96
71080		0.94
72227		0.94
73301		0.94
74168		0.94
74982		0.98
75573		0.98
76425		0.98
77129		0.98
77847		0.98
78819		0.98
79711		1.0
80480		1.0
81386		1.0
82048		1.0
82739		1.0
83470		1.0
84252		0.98
84969		0.98
85750		0.98
86408		0.98
87076		0.98
87911		0.98
88629		0.96
89431		0.96
90107		0.96
90867		0.96
91602		0.98
92432		0.98
93228		0.98
93996		0.98
94707		0.98
95332		0.98
96036		1.0
96829		1.0
97636		1.0
98388		1.0
99134		1.0
99847		0.98
100520		0.98
101174		0.98
101915		0.98
102639		0.98
103280		0.98
104022		0.98
104766		0.98
105410		0.98
106028		0.98
106823		1.0
107530		1.0
108380		1.0
109054		1.0
109749		1.0
110510		1.0
111273		1.0
112083		1.0
112752		1.0
113559		1.0
114216		1.0
330			0.0
513			0.0
792			0.0
1076			0.0
1659			0.0
2270			0.0
2948			0.0
3625			0.0
4305			0.0
4642			0.0
5514			0.0
6807			0.02
7268			0.04
8122			0.04
9176			0.08
10157			0.16
13385			0.24
14229			0.34
15063			0.42
15873			0.5
16650			0.6
17547			0.68
18386			0.74
19174			0.84
20110			0.9
20959			0.92
21877			0.94
22876			0.94
24388			0.94
25300			0.96
26100			0.96
26800			0.96
27607			0.98
28308			0.98
29114			0.98
29921			0.98
30705			0.98
31425			0.98
32147			1.0
32822			0.98
33654			0.98
34442			0.98
36305			0.96
37130			0.96
37935			0.96
38664			0.96
39362			0.96
40804			0.94
51422			0.92
52227			0.94
53009			0.94
53886			0.94
54683			0.96
55585			0.96
56351			0.96
56985			0.96
57769			0.96
58429			0.98
59116			1.0
59762			1.0
60574			1.0
61243			1.0
61866			1.0
62533			1.0
63289			1.0
63969			1.0
64823			1.0
65514			1.0
66192			1.0
66843			1.0
67453			1.0
68069			1.0
68878			1.0
69578			1.0
70231			1.0
71051			1.0
71796			1.0
72565			1.0
73300			1.0
74103			1.0
74779			1.0
75659			1.0
76329			1.0
77094			1.0
77885			1.0
78625			1.0
79483			1.0
80176			1.0
80962			1.0
81646			1.0
82765			0.98
83500			0.98
84098			0.96
84675			0.94
85445			0.94
86120			0.94
86801			0.94
87459			0.94
88115			0.94
88858			0.94
304				0.0
560				0.0
829				0.0
1431				0.0
1798				0.0
2150				0.0
2534				0.0
3556				0.0
4260				0.0
4813				0.0
6279				0.0
7429				0.0
8172				0.0
9262				0.02
10313				0.08
11213				0.16
12199				0.22
12841				0.3
26118				0.38
38383				0.46
39609				0.56
40446				0.66
41354				0.74
42081				0.82
42817				0.84
43662				0.86
44433				0.9
45291				0.92
46059				0.94
46902				0.96
47695				0.96
49030				0.96
49811				0.98
50468				0.98
51163				0.98
51946				0.96
52785				0.96
53522				0.96
54310				0.96
55171				0.96
55971				0.96
56655				0.96
57567				0.96
58209				0.96
58919				0.98
59568				1.0
60361				1.0
61115				1.0
61988				1.0
62545				1.0
63342				1.0
64090				1.0
64786				1.0
65529				1.0
66069				1.0
66757				0.98
67464				0.98
68213				0.98
68867				0.96
69650				0.96
70321				0.96
71129				0.96
71622				0.96
72374				0.96
73048				0.96
73741				0.98
74504				0.98
75205				0.98
75923				1.0
76790				1.0
77526				0.98
78116				0.98
78907				0.98
79640				0.98
80390				0.98
81097				0.98
81844				0.98
82599				0.98
83267				0.98
84035				0.98
84753				1.0
85506				1.0
86190				1.0
86792				0.98
87397				0.98
88120				0.98
88906				0.98
89650				0.98
90353				0.98
91029				0.98
91747				0.98
92475				0.98
93107				0.98
93931				1.0
94583				1.0
95290				1.0
95967				1.0
96576				1.0
97278				1.0
98132				1.0
536					0.0
813					0.0
982					0.0
1424					0.0
1642					0.0
1944					0.0
2255					0.0
3096					0.0
4006					0.0
11845					0.02
13906					0.02
23525					0.1
24793					0.16
25358					0.2
26596					0.26
27485					0.36
28470					0.44
29275					0.52
30134					0.58
30974					0.6
31709					0.68
32472					0.66
33248					0.7
34007					0.76
34984					0.8
36003					0.8
36854					0.82
37720					0.82
38517					0.82
39324					0.88
40013					0.86
40778					0.88
41617					0.88
42562					0.88
43186					0.84
43838					0.84
44627					0.84
45491					0.86
46238					0.9
46906					0.9
47573					0.94
48250					0.96
48965					0.96
49586					0.96
50379					1.0
51164					1.0
51911					1.0
52599					1.0
53278					1.0
54100					1.0
54829					1.0
55489					1.0
56128					1.0
56839					1.0
57567					1.0
58315					1.0
58968					1.0
59716					1.0
60389					1.0
61142					1.0
61945					1.0
62684					1.0
63406					1.0
64160					1.0
64919					1.0
65732					1.0
66499					1.0
67226					1.0
68777					1.0
69559					1.0
70311					1.0
70970					1.0
71737					1.0
72380					1.0
73122					1.0
73843					1.0
74594					1.0
75285					1.0
76009					1.0
76719					1.0
77504					1.0
78292					1.0
78998					1.0
79682					1.0
80381					1.0
81358					1.0
82103					1.0
82892					1.0
83601					1.0
84295					1.0
84980					1.0
85692					1.0
86402					1.0
87106					1.0
87815					1.0
88511					1.0
89189					1.0
89948					1.0
90661					1.0
91436					1.0
388						0.0
622						0.0
931						0.0
1576						0.0
1986						0.0
2406						0.0
3044						0.0
3951						0.025
4277						0.022222222222222223
5132						0.02
6224						0.04
6920						0.06
8815						0.08
9751						0.1
10600						0.16
11616						0.22
12628						0.28
13379						0.34
14207						0.42
15250						0.52
23530						0.56
33554						0.6
34917						0.66
35871						0.74
37033						0.78
37939						0.82
38945						0.86
39912						0.88
40712						0.9
41405						0.9
42280						0.94
43107						0.98
43768						0.98
44635						0.96
45490						0.96
46144						0.96
46763						0.96
47590						0.96
48373						0.96
49171						0.96
49904						0.96
50679						0.96
51400						0.98
52171						0.98
52912						0.98
53678						0.98
54465						0.98
55024						0.96
55785						0.96
56511						0.96
57334						0.96
58105						0.96
58908						0.96
59664						0.98
60283						0.98
60959						0.98
61590						0.98
62346						1.0
63032						1.0
63723						1.0
64552						1.0
65341						1.0
66037						1.0
66772						1.0
67583						1.0
68363						1.0
69056						1.0
69865						1.0
70622						0.98
71284						0.98
71958						0.98
72857						0.96
73540						0.96
74489						0.96
75179						0.96
75852						0.96
76530						0.96
77275						0.96
77937						0.98
78702						0.98
79409						0.98
80144						1.0
80889						1.0
81662						1.0
82408						1.0
83024						1.0
83681						1.0
84432						1.0
85197						1.0
85935						1.0
86657						1.0
87427						1.0
88205						1.0
88948						1.0
89683						1.0
90412						1.0
91060						1.0
91821						1.0
92397						1.0
93047						1.0
256							0.0
696							0.0
1060							0.0
1373							0.0
1719							0.0
2471							0.0
3235							0.0
3574							0.0
4226							0.0
4969							0.0
6208							0.0
6656							0.0
17740							0.0
20280							0.04
30762							0.06
42684							0.12
43730							0.2
49013							0.3
50005							0.36
50812							0.46
51696							0.54
52769							0.64
53597							0.72
54523							0.76
55577							0.84
56525							0.88
57626							0.9
58423							0.9
59172							0.94
59871							0.94
60696							0.96
61456							0.96
62236							0.98
62994							1.0
63681							1.0
64514							1.0
65348							1.0
66030							1.0
66837							1.0
67686							1.0
68429							1.0
69074							0.98
69947							0.98
70984							0.96
71816							0.96
72563							0.96
73294							0.96
74068							0.96
74973							0.96
75698							0.96
76456							0.96
77280							0.98
78050							0.98
78624							1.0
79331							1.0
80010							1.0
80812							1.0
81578							1.0
82410							0.98
83444							0.98
84069							0.96
84792							0.96
85577							0.96
86737							0.96
87496							0.96
88274							0.96
90086							0.96
90719							0.96
91527							0.98
92239							0.98
92979							1.0
93733							1.0
94405							1.0
95190							1.0
95939							1.0
96580							1.0
97272							1.0
97861							0.96
98547							0.94
99355							0.94
100071							0.92
100839							0.92
101633							0.92
102409							0.92
103078							0.92
103850							0.92
104593							0.92
105307							0.96
106007							0.98
106787							0.98
107452							0.98
108130							0.98
108844							0.98
109580							0.98
110294							0.98
111534							0.98
112309							0.98
112890							0.98
113619							0.98
114363							0.98
328								0.0
701								0.0
937								0.0
1272								0.0
1565								0.0
2301								0.0
2615								0.0
3258								0.0
3834								0.0
4411								0.0
5731								0.0
15950								0.02
17261								0.06
18263								0.1
19416								0.16
20383								0.2
21286								0.28
22105								0.38
23244								0.48
24348								0.54
25192								0.62
26339								0.7
27018								0.74
27955								0.8
28874								0.84
29633								0.9
30354								0.92
31310								0.92
32226								0.9
38679								0.92
39932								0.94
40786								0.94
42133								0.94
42902								0.94
43721								0.92
44309								0.88
45173								0.88
45965								0.88
46847								0.9
47655								0.92
48399								0.92
49143								0.92
49898								0.94
50710								0.94
51340								0.96
51955								1.0
52723								1.0
53572								1.0
54265								1.0
55065								1.0
55818								1.0
56497								0.98
57287								0.98
58035								0.98
68604								0.96
69357								0.96
70029								0.96
70676								0.96
71417								0.96
77743								0.96
78553								0.96
79377								0.98
80129								0.98
80825								0.98
81578								1.0
82273								1.0
83183								1.0
83885								1.0
84637								1.0
85379								1.0
86148								1.0
86781								1.0
87541								1.0
88222								1.0
89016								1.0
89760								1.0
90503								1.0
91246								1.0
91909								1.0
92642								0.98
93320								0.98
93956								0.98
94670								0.98
96471								0.98
97112								0.96
97845								0.96
98651								0.96
99298								0.96
99945								0.96
100764								0.98
101467								0.98
102183								0.98
102898								0.98
103643								0.98
104570								1.0
105293								1.0
106071								1.0
106803								1.0
107637								1.0
108456								1.0
271									0.0
554									0.0
837									0.0
1300									0.0
2083									0.0
2362									0.0
2708									0.0
2968									0.0
3829									0.0
4385									0.0
5195									0.0
12737									0.06
13779									0.12
14499									0.16
15410									0.18
16558									0.26
17555									0.34
18369									0.38
19302									0.44
20174									0.52
21018									0.62
21889									0.62
22776									0.66
23587									0.72
24592									0.8
25427									0.82
26133									0.84
26889									0.9
27717									0.94
28497									0.94
29253									0.94
30129									0.98
31005									0.98
31596									0.98
32316									0.98
33097									0.98
33789									0.98
34559									0.98
35276									0.98
36124									1.0
36744									1.0
39267									0.98
39887									0.98
40606									0.98
41445									0.98
42132									0.98
42850									0.98
43517									0.98
44269									0.96
45015									0.96
45685									0.96
46427									0.98
47262									0.98
47990									0.98
48723									0.98
49582									0.98
50329									0.98
51025									0.98
51704									1.0
52488									1.0
53288									1.0
54033									1.0
54777									1.0
55485									1.0
56188									1.0
56964									1.0
57669									1.0
58425									1.0
61341									1.0
62198									1.0
63039									1.0
63862									1.0
64497									0.98
65264									0.98
66063									0.98
66826									0.98
67525									0.98
68101									0.96
68804									0.96
69502									0.96
71016									0.94
71730									0.94
72574									0.96
73259									0.96
73925									0.96
74654									0.96
75374									0.96
75971									0.98
76800									0.98
77603									0.98
78382									1.0
79061									1.0
79805									1.0
80644									1.0
81291									1.0
81978									1.0
82719									1.0
83407									1.0
93944									0.98
94558									0.98
374										0.0
657										0.0
999										0.0
1409										0.0
1608										0.0
2088										0.0
2385										0.0
2864										0.0
3147										0.0
3859										0.0
4438										0.0
5426										0.0
6883										0.02
7605										0.06
8439										0.08
9188										0.12
10046										0.18
11125										0.28
11965										0.38
12914										0.46
14581										0.52
15570										0.62
26279										0.68
27176										0.74
28040										0.82
28886										0.88
29876										0.92
30865										0.92
31534										0.92
32263										0.94
32970										0.98
33748										0.98
34502										1.0
35152										1.0
35844										1.0
42282										0.98
49679										0.98
50771										0.98
51665										0.98
52498										0.98
53151										0.98
53870										0.98
54623										0.96
55308										0.96
56174										0.96
57037										0.98
57706										0.98
58511										0.98
59192										0.98
59917										0.98
60723										0.98
61573										0.98
62209										1.0
62961										1.0
63658										1.0
64369										1.0
65008										1.0
65848										1.0
66766										1.0
67434										1.0
68320										1.0
69010										1.0
69683										1.0
70451										1.0
71344										1.0
72000										1.0
72764										1.0
73551										1.0
74312										1.0
75100										1.0
75800										1.0
76942										0.98
77582										0.98
78401										0.98
79124										0.98
79807										0.98
80520										0.98
81177										0.98
81896										0.98
82659										0.98
83346										0.98
84105										1.0
85165										1.0
85838										1.0
86570										1.0
87249										1.0
87919										1.0
88719										1.0
89405										0.98
90136										0.98
90833										0.98
91416										0.96
92137										0.96
92860										0.96
93664										0.96
94329										0.96
95162										0.96
95883										0.96
96623										0.98
97357										0.98
