848	0.1
2745	0.55
4761	0.8666666666666667
7073	1.1
9667	1.4
12895	1.6833333333333333
17734	2.2
21518	2.5125
25760	2.8444444444444446
30439	3.18
34258	3.69
38451	4.1
43729	4.64
48254	5.05
52536	5.39
58010	5.91
62816	6.1
67868	6.28
72932	6.48
78312	6.63
82881	6.75
87708	6.86
92238	6.8
98228	7.03
103601	7.25
108935	7.23
113521	7.21
118999	7.41
123907	7.4
129984	7.53
134719	7.58
140382	7.85
145624	7.96
151208	7.98
156929	8.01
162490	7.99
167932	8.14
173824	8.12
179686	8.2
184675	8.01
190131	8.13
196545	8.14
201119	8.08
206934	8.08
211844	7.96
218497	8.06
223327	7.92
228348	7.83
234088	7.85
240255	8.0
245897	7.99
251760	7.93
257322	8.08
262490	8.0
267698	8.02
273562	7.98
278789	8.03
284182	8.11
290343	8.18
296273	8.13
302161	8.15
307206	8.06
313185	8.02
319698	8.2
325800	8.34
331404	8.31
337893	8.46
343367	8.38
348759	8.23
354292	8.21
360551	8.22
366421	8.42
372214	8.55
377686	8.44
383477	8.3
389308	8.39
394324	8.2
400959	8.41
407417	8.55
413858	8.66
419292	8.56
424930	8.41
430759	8.29
436774	8.34
442451	8.44
447607	8.25
454181	8.46
459239	8.25
465222	8.23
470942	8.16
476040	8.18
481563	8.17
487549	8.23
493685	8.18
499130	8.11
504411	8.17
510608	8.19
516505	8.36
522134	8.26
527801	8.26
879		0.4
1779		0.25
4096		0.6666666666666666
6356		0.925
8726		1.16
11453		1.4333333333333333
15155		1.7428571428571429
18548		1.9625
21139		2.1
24138		2.16
28207		2.66
32581		3.23
37432		3.69
42280		4.17
46669		4.59
51642		5.03
56205		5.29
60718		5.61
64884		5.88
68625		6.18
73621		6.4
78297		6.48
83882		6.65
88215		6.67
92266		6.62
97397		6.69
102242		6.74
107209		6.85
110930		6.82
116472		7.02
121648		7.02
126200		7.0
130888		6.97
136756		7.17
141967		7.38
146527		7.27
150797		7.27
156159		7.35
161324		7.5
166967		7.53
172488		7.65
177828		7.83
183739		7.99
188429		7.86
193737		7.83
198223		7.84
202650		7.84
208822		7.89
213107		7.87
219850		8.06
226231		8.08
231454		8.06
235898		7.84
241078		7.91
246252		7.98
251314		8.05
255205		7.99
259659		7.78
265458		7.94
270688		7.73
276031		7.69
281497		7.7
286239		7.72
291546		7.66
296707		7.66
302140		7.7
308130		8.04
313735		8.21
319682		8.24
324938		8.26
329973		8.17
334173		8.02
339488		8.2
345099		8.33
349768		8.19
355147		8.24
360466		8.13
366783		8.16
372127		8.11
377022		8.1
382271		8.15
387701		8.29
392706		8.2
398719		8.27
403970		8.33
409634		8.41
414564		8.38
419804		8.26
425300		8.28
430946		8.49
436462		8.55
441917		8.53
447218		8.53
451518		8.24
455954		8.2
461907		8.14
466527		8.06
471932		8.11
477269		8.04
482247		7.84
1187			0.4
2895			0.35
4605			0.6333333333333333
6920			0.95
9914			1.36
12662			1.6666666666666667
16320			2.1
20773			2.5375
25339			2.922222222222222
29639			3.28
33660			3.86
37581			4.39
43932			5.16
48608			5.67
53254			6.07
58271			6.48
62177			6.66
66520			6.78
70936			6.91
75491			6.98
81115			7.29
85941			7.49
90500			7.33
95823			7.51
100452			7.5
105635			7.58
111753			7.85
117221			8.11
123128			8.33
128050			8.45
132455			8.26
137773			8.36
141799			8.29
147249			8.29
152705			8.5
158038			8.59
163120			8.48
167784			8.33
172401			8.11
177179			8.08
182042			8.12
187779			8.18
192776			8.35
198017			8.35
203113			8.31
207314			8.07
211796			8.0
217933			8.25
222969			8.39
228368			8.39
234026			8.56
239983			8.59
243961			8.42
248814			8.37
254431			8.37
259338			8.5
264262			8.58
270803			8.52
276512			8.61
281671			8.63
286762			8.49
291193			8.33
295889			8.38
300340			8.29
305537			8.24
310501			8.26
316707			8.42
321923			8.32
327452			8.24
332145			8.26
337887			8.4
343487			8.5
348769			8.72
353507			8.77
358072			8.7
364321			8.83
370865			8.82
375955			8.79
381258			8.81
386535			8.87
391315			8.72
396148			8.58
402358			8.54
406689			8.45
412129			8.58
418522			8.65
423273			8.5
429160			8.63
434737			8.63
440738			8.66
445550			8.63
451864			8.89
458049			8.93
462805			8.99
468281			8.98
473151			8.83
478325			8.87
483443			8.72
488602			8.74
494061			8.68
1603				0.4
4185				1.05
7018				1.6
9394				1.725
13044				2.22
17777				2.75
21905				3.1142857142857143
25714				3.325
29849				3.577777777777778
34324				3.9
39251				4.58
43499				5.06
48689				5.59
52585				5.91
57005				6.21
61559				6.41
65935				6.52
69820				6.63
74704				6.83
79092				6.92
82395				6.77
86743				6.83
91988				6.81
96523				7.08
101714				7.21
106421				7.18
111140				7.35
116522				7.62
121315				7.65
126585				7.7
130910				7.89
135472				7.92
141736				8.19
146842				8.19
150961				8.0
156746				8.14
160212				7.9
164743				7.72
169936				7.75
175619				7.82
180567				7.91
185710				7.96
190965				7.71
196841				7.86
201161				7.86
206027				7.9
211871				8.16
217548				8.4
222653				8.37
228074				8.34
233159				8.33
237866				8.33
242471				8.32
249045				8.43
254437				8.66
260146				8.68
264507				8.49
269460				8.38
274725				8.49
279786				8.46
284680				8.38
290879				8.65
296073				8.65
301126				8.45
306131				8.34
312151				8.33
317656				8.63
322863				8.59
328357				8.55
333007				8.5
338032				8.55
342895				8.26
348417				8.33
353314				8.3
357650				8.26
363220				8.31
367931				8.12
374139				8.41
379582				8.39
384160				8.31
389237				8.34
394269				8.31
399483				8.34
404444				8.3
409238				8.36
414357				8.25
420551				8.51
426397				8.29
431506				8.27
436496				8.35
442155				8.34
448073				8.61
453734				8.57
459610				8.68
464406				8.67
470208				8.77
475394				8.57
480997				8.61
486071				8.6
491392				8.66
1120					0.4
3821					1.05
5664					1.1333333333333333
8424					1.55
11845					1.84
14478					2.033333333333333
17983					2.2714285714285714
21604					2.5
27408					3.1
32193					3.47
36060					3.93
40108					4.33
44239					4.81
49186					5.28
54000					5.71
59177					6.12
63343					6.42
67423					6.62
73400					6.69
77839					6.69
83502					7.05
88294					7.22
92029					7.19
96788					7.2
102050					7.32
106726					7.25
111913					7.36
117914					7.7
124691					7.82
130274					8.02
136733					8.1
142697					8.28
148922					8.66
154338					8.78
158486					8.55
163987					8.77
169760					8.83
174738					8.64
179185					8.4
183983					8.24
189364					8.16
195564					8.12
200596					7.97
206159					8.01
212345					8.36
218232					8.39
224049					8.45
229841					8.61
235903					8.83
241741					9.04
247294					9.05
251724					8.87
256564					8.85
262486					8.87
267350					8.72
271549					8.47
277055					8.48
282413					8.44
287059					8.21
292827					8.2
297781					8.13
302893					8.19
308389					8.27
313866					8.12
319889					8.32
324327					8.47
329669					8.4
335070					8.38
339921					8.42
344775					8.28
350381					8.42
355415					8.49
360794					8.49
366002					8.51
371821					8.41
377426					8.56
384363					8.71
389276					8.63
394796					8.82
400935					9.07
406964					9.02
412456					9.04
418682					9.19
423448					9.15
428084					8.93
434014					8.96
440075					8.88
445601					8.99
451256					8.89
457191					8.79
462733					8.79
469288					8.95
474781					8.8
480810					9.09
486744					9.34
491808					9.17
497127					9.12
502783					9.17
508223					9.13
513257					8.92
412						0.0
2471						0.6
4618						0.7
6811						0.975
9333						1.26
12032						1.5666666666666667
15592						1.8857142857142857
18937						2.1375
22018						2.2333333333333334
26260						2.5
30679						3.06
34944						3.5
39083						3.95
43208						4.34
46540						4.51
50327						4.72
55895						5.16
60755						5.44
64864						5.7
68606						5.72
72767						5.68
77825						5.82
83819						6.08
87716						6.06
92216						6.22
98031						6.41
103719						6.29
108317						6.25
113263						6.35
118001						6.5
122709						6.61
127177						6.56
132386						6.49
138382						6.72
143575						6.87
148372						6.87
153712						6.93
159069						7.1
164337						7.17
170112						7.31
174632						7.34
178448						7.29
183072						7.24
188619						7.27
193510						7.28
199546						7.43
203187						7.22
208956						7.17
212753						7.0
218191						6.91
223584						7.06
228189						7.14
233987						7.27
239076						7.15
244401						7.17
249348						6.97
255039						7.2
259777						7.18
264654						7.31
269678						7.32
275512						7.32
279737						7.25
283913						7.06
289785						7.21
295797						7.38
301151						7.48
308053						7.66
313215						7.67
317943						7.64
323272						7.64
329293						7.65
335984						7.97
340805						8.07
345376						7.9
350412						7.69
356516						7.8
363254						7.72
369394						7.83
374864						7.92
380387						8.05
385378						7.96
391914						7.94
398074						8.11
403548						8.24
408710						8.31
413891						8.19
418638						8.02
424881						8.05
429717						7.97
435592						7.9
441333						8.0
446404						7.82
452791						7.84
456603						7.6
463377						7.8
469657						7.92
476075						8.07
482172						8.07
488358						8.26
494105						8.31
836							0.2
2448							0.4
4232							0.7
5761							0.825
8746							1.28
12546							1.7
16761							2.157142857142857
20090							2.4375
24766							2.8444444444444446
30067							3.25
33782							3.82
38147							4.41
42805							4.96
46498							5.42
51065							5.8
55999							6.19
60267							6.41
64773							6.65
68503							6.58
74022							6.77
78617							6.9
83840							7.03
88365							7.04
93387							7.21
98483							7.31
103772							7.4
108485							7.44
112723							7.37
117462							7.6
121671							7.35
126742							7.37
131639							7.4
136482							7.47
141623							7.55
147494							7.71
152885							7.64
157261							7.64
161373							7.71
166277							7.68
172571							8.05
178035							8.15
183404							8.22
188423							8.27
192721							8.09
197683							8.01
203199							8.04
208926							8.08
213898							8.17
219509							8.34
224809							8.23
229312							8.1
235073							8.11
239719							8.13
243673							8.11
247843							7.9
252465							7.79
257292							7.85
262913							8.0
267949							7.94
273135							7.83
278149							7.92
282792							7.78
287893							7.81
292280							7.87
296517							7.93
300766							7.94
306604							8.03
313109							8.15
317878							8.09
321625							7.92
326880							8.02
331632							8.03
335513							7.81
339802							7.81
345619							8.03
350885							8.12
356201							8.06
361688							7.84
366908							7.88
371806							8.1
376603							7.98
381501							8.01
386244							8.08
392638							8.37
397069							8.2
402682							8.21
407348							8.11
411938							8.11
417461							8.18
422400							8.17
428062							8.29
432504							8.24
437454							8.35
443041							8.27
448379							8.37
453960							8.46
458206							8.36
464116							8.56
468819							8.41
473766							8.43
714								0.0
3041								0.6
4884								0.8
6853								1.075
10050								1.3
13482								1.6666666666666667
16553								1.8571428571428572
20334								2.1625
25011								2.533333333333333
29852								2.93
34137								3.42
38254								3.8
42544								4.28
47465								4.74
51911								5.1
58339								5.69
62941								6.1
68324								6.33
73222								6.53
77997								6.63
82853								6.81
87771								6.94
92387								7.08
97356								7.07
102051								7.1
106216								6.72
111153								6.7
116202								6.76
121239								6.73
127203								6.88
131391								6.84
135977								6.91
140332								6.79
144473								6.79
149760								7.01
155237								7.29
160414								7.34
166026								7.42
172085								7.59
177197								7.44
182432								7.58
187604								7.69
192061								7.69
196304								7.73
201744								7.7
206863								7.63
211297								7.5
216628								7.51
222925								7.52
228365								7.58
234306								7.75
239905								7.78
245471								8.04
251309								8.19
257274								8.27
261645								8.18
267605								8.41
273351								8.48
279267								8.46
284474								8.47
289755								8.33
295259								8.27
300486								8.24
305500								8.11
311054								8.07
317662								8.28
322499								8.15
327848								8.04
331349								7.74
336654								7.69
342686								7.77
348387								7.91
353705								7.87
359546								8.01
365525								8.08
371962								8.21
376773								8.21
382799								8.37
387434								8.53
393733								8.75
399073								8.67
403753								8.52
408341								8.34
414080								8.37
420402								8.42
426529								8.37
431382								8.34
436712								8.24
442956								8.4
448256								8.19
453540								8.22
459046								8.25
464258								8.39
469191								8.3
474637								8.11
480422								8.02
484996								8.05
490308								8.07
496382								8.09
501977								8.12
1036									0.1
2832									0.45
4946									0.9
7807									1.3
10156									1.5
13665									1.9666666666666666
16487									2.3
21623									2.775
26398									3.1444444444444444
30152									3.31
34165									3.87
39821									4.55
44490									5.11
47875									5.34
53559									5.93
57799									6.18
62988									6.47
68811									6.62
73777									6.75
78821									6.99
83377									7.12
87831									7.02
92500									6.95
96535									7.06
100993									6.95
105444									6.94
110439									6.97
114348									6.85
118735									6.81
123464									6.79
129341									6.98
133065									6.87
137140									6.87
142801									7.14
146456									6.98
151125									7.01
155424									6.93
158997									6.87
163288									6.82
167392									6.76
172683									6.67
177038									6.77
180597									6.67
184682									6.46
189100									6.58
193369									6.49
198808									6.51
203468									6.64
207484									6.57
211823									6.6
215828									6.43
220244									6.42
225491									6.65
229310									6.61
234354									6.71
238047									6.67
242024									6.63
246474									6.65
251402									6.78
255998									6.79
260251									6.77
264925									6.8
270247									6.84
274812									6.96
280017									6.97
284918									7.21
288352									7.08
293471									7.12
297899									7.08
301530									6.93
306043									6.98
309110									6.8
312860									6.5
317741									6.48
322009									6.39
327053									6.36
331030									6.46
336381									6.51
340464									6.51
345305									6.77
350071									6.82
354331									7.0
358106									7.04
363415									7.15
366694									6.98
371649									7.0
375195									6.95
380381									6.96
385915									7.13
390438									7.08
394251									7.0
398939									7.06
404255									7.23
408320									7.03
412474									7.16
416981									7.11
421079									7.24
426266									7.18
429230									6.82
433590									6.75
692										0.1
2430										0.65
3995										0.8666666666666667
6522										1.25
9222										1.52
11852										1.85
15642										2.2857142857142856
19219										2.575
22454										2.8
26468										3.06
32405										3.81
36427										4.25
40354										4.71
45644										5.21
48853										5.52
53712										5.87
57828										6.0
61800										6.13
66562										6.34
70749										6.43
74264										6.23
79254										6.41
83950										6.52
87780										6.37
91426										6.39
95627										6.31
99841										6.36
104205										6.44
109412										6.54
114892										6.72
119050										6.75
124221										6.76
127997										6.68
133803										6.93
138235										7.02
142717										7.05
147434										7.09
151964										7.18
156605										7.09
161168										7.02
166299										7.13
170732										7.06
175849										7.27
180360										7.16
185541										7.26
190419										7.35
194720										7.28
199710										7.28
203561										7.2
208000										7.17
212723										7.2
217791										7.23
222321										7.13
227740										7.25
232463										7.21
236858										7.13
241980										7.3
246213										7.12
251099										7.28
254954										7.15
260035										7.22
264405										7.23
269341										7.27
273921										7.15
278761										7.15
283908										7.29
288797										7.28
294395										7.53
298402										7.38
303820										7.57
309153										7.62
314157										7.68
318186										7.53
322814										7.47
327813										7.56
332306										7.43
337210										7.32
342784										7.21
347296										7.29
351963										7.24
356578										7.11
361246										7.07
365949										7.14
371431										7.24
375625										7.05
380552										7.16
385384										7.18
390745										7.24
395357										7.23
400619										7.26
405399										7.22
410306										7.21
415843										7.37
421220										7.39
425555										7.39
429561										7.17
434632										7.25
440320										7.26
445449										7.33
450214										7.36
