2279	0.0
5648	0.0
9271	0.0
11694	0.0
14554	0.0
16655	0.0
20574	0.0
23797	0.00625
27425	0.005555555555555556
29793	0.005
33597	0.03
38109	0.055
42192	0.06
45720	0.075
50424	0.105
54100	0.115
58018	0.14
62317	0.165
67084	0.195
72432	0.24
77229	0.26
81346	0.27
86495	0.325
91730	0.375
97044	0.415
101339	0.455
106980	0.485
111873	0.515
117307	0.55
122826	0.575
128100	0.595
134013	0.635
139089	0.635
143980	0.635
149785	0.65
155371	0.675
160424	0.68
168907	0.695
173821	0.7
180360	0.72
185374	0.725
190656	0.725
196074	0.74
201910	0.77
208313	0.785
214212	0.795
220218	0.83
225958	0.845
231963	0.865
237687	0.855
243059	0.865
248321	0.865
254548	0.89
260472	0.89
266713	0.89
272490	0.895
278229	0.89
283943	0.875
289503	0.87
295117	0.88
300885	0.885
306827	0.9
311916	0.88
317839	0.88
323571	0.87
329428	0.87
335351	0.875
341218	0.895
347236	0.905
353470	0.91
359408	0.92
365230	0.915
371131	0.925
376841	0.92
383097	0.93
388924	0.935
394851	0.935
400930	0.935
406748	0.935
412935	0.935
419120	0.935
425174	0.94
431434	0.945
437593	0.95
446917	0.94
453130	0.935
459319	0.94
465541	0.94
471800	0.935
477833	0.94
483737	0.94
489825	0.94
495688	0.935
501614	0.925
507686	0.935
513616	0.94
519532	0.935
525533	0.925
531942	0.935
537884	0.925
2439		0.0
4357		0.0
7179		0.0
9107		0.0
11200		0.0
14103		0.0
16659		0.0
19298		0.0
22818		0.0
25823		0.0
31117		0.005
34890		0.01
44178		0.02
56426		0.03
70900		0.065
80058		0.09
86000		0.11
99395		0.15
109880		0.185
121023		0.235
127356		0.255
140448		0.31
148934		0.365
156662		0.4
164796		0.45
170218		0.48
176271		0.55
181485		0.59
186607		0.635
191728		0.67
197119		0.735
202270		0.745
207480		0.74
212818		0.77
218266		0.775
223706		0.81
229128		0.795
238285		0.795
243301		0.78
248485		0.76
253889		0.75
259177		0.765
265704		0.785
270619		0.78
275571		0.775
281342		0.775
287655		0.785
292928		0.785
298251		0.805
312002		0.825
317717		0.84
323458		0.84
328532		0.835
333862		0.85
341582		0.84
346289		0.82
351655		0.815
357182		0.825
362626		0.82
368176		0.815
372929		0.79
378438		0.795
383713		0.815
389066		0.815
394413		0.83
399637		0.85
404961		0.86
410381		0.845
415345		0.845
420817		0.855
426276		0.875
432199		0.88
438501		0.86
443898		0.865
449185		0.865
454791		0.87
460570		0.875
466009		0.89
471856		0.91
477659		0.915
483349		0.91
489025		0.91
494636		0.935
500097		0.935
505470		0.935
511311		0.935
516699		0.935
522288		0.94
527948		0.935
533410		0.93
539116		0.945
544517		0.935
550258		0.935
555962		0.94
561656		0.945
567237		0.945
572900		0.95
578597		0.95
583987		0.94
589999		0.945
2532			0.0
4270			0.0
5913			0.0
7423			0.0
9809			0.0
11707			0.0
13462			0.0
15839			0.0
18100			0.0
20145			0.0
22916			0.0
25436			0.0
28439			0.0
31234			0.0
33995			0.0
36910			0.0
41006			0.0
44984			0.015
49217			0.02
54021			0.02
58673			0.05
63297			0.05
68370			0.05
72643			0.055
77101			0.06
82826			0.09
88330			0.13
93836			0.145
99708			0.195
105214			0.24
111090			0.26
117456			0.31
123296			0.36
130162			0.43
137858			0.49
144387			0.54
152688			0.585
159492			0.64
167056			0.675
174028			0.725
180611			0.755
187097			0.78
193464			0.815
200021			0.82
207266			0.845
214093			0.855
224155			0.855
231212			0.86
236999			0.845
243623			0.83
249579			0.825
255846			0.83
266478			0.835
273284			0.845
280193			0.84
288699			0.835
295488			0.835
302161			0.825
309414			0.84
316548			0.855
323516			0.865
330720			0.875
337542			0.87
344394			0.87
351950			0.865
358828			0.875
365739			0.885
371882			0.885
379166			0.89
386196			0.885
393291			0.895
400309			0.895
407423			0.905
414214			0.905
421521			0.91
428210			0.91
435179			0.915
442525			0.935
449437			0.935
456210			0.93
463688			0.93
470567			0.92
477715			0.92
484647			0.93
491637			0.935
498608			0.93
505465			0.91
512693			0.9
519933			0.9
526130			0.89
533121			0.89
540271			0.905
547113			0.905
554159			0.895
560811			0.895
567909			0.9
574990			0.915
582089			0.925
589130			0.925
596067			0.945
2295				0.0
4446				0.0
6357				0.0
7910				0.0
10087				0.0
12812				0.0
15049				0.0
17096				0.0
19221				0.0
21188				0.0
23541				0.0
26759				0.0
29981				0.0
33689				0.005
38112				0.005
41422				0.01
44452				0.025
47605				0.025
51573				0.05
55268				0.065
59190				0.07
64105				0.08
70492				0.11
77726				0.145
84638				0.185
92362				0.22
99077				0.235
106315				0.285
114289				0.32
122907				0.39
130339				0.45
138948				0.52
147210				0.58
155556				0.62
164354				0.675
172205				0.72
180247				0.78
187961				0.805
195970				0.835
204245				0.84
214250				0.87
222600				0.88
230102				0.865
245641				0.88
254583				0.88
262981				0.875
271639				0.865
280650				0.88
289395				0.88
298526				0.88
307166				0.87
316424				0.87
325589				0.885
333490				0.86
342353				0.855
350872				0.85
358845				0.84
367669				0.835
376381				0.825
385229				0.82
394621				0.83
403883				0.835
412894				0.84
422281				0.86
431582				0.865
440920				0.885
450646				0.915
459695				0.925
468855				0.94
478241				0.955
486964				0.95
496134				0.94
505480				0.94
514905				0.95
524258				0.935
535843				0.925
547472				0.885
560958				0.89
572891				0.875
584199				0.845
594775				0.855
604166				0.87
613338				0.865
621958				0.855
631158				0.87
643009				0.87
655399				0.895
666032				0.88
678498				0.875
687833				0.885
697417				0.875
706377				0.86
715592				0.865
724663				0.87
734138				0.875
752355				0.875
761225				0.885
770439				0.895
779897				0.915
788693				0.915
1784					0.0
3912					0.0
6256					0.0
8828					0.0
10831					0.0
12610					0.0
15125					0.0
16396					0.0
17925					0.0
20362					0.0
22271					0.0
24536					0.0
26847					0.0
29707					0.005
31724					0.005
33938					0.005
36489					0.005
39627					0.015
42552					0.02
47140					0.03
50984					0.045
56145					0.09
60677					0.135
65386					0.19
70627					0.255
75844					0.305
81448					0.37
86451					0.42
91988					0.5
97322					0.565
102869					0.64
108244					0.68
113366					0.7
118604					0.73
123768					0.745
128911					0.775
134690					0.795
140067					0.82
145788					0.81
154598					0.825
159989					0.805
165076					0.79
170273					0.785
175946					0.78
181490					0.78
187094					0.78
192656					0.775
197875					0.755
203025					0.76
208158					0.735
213740					0.745
219456					0.765
225111					0.79
230769					0.79
236604					0.795
242282					0.81
247794					0.82
253547					0.84
259047					0.85
265329					0.865
270851					0.87
276595					0.875
282119					0.87
287757					0.88
293392					0.885
299243					0.885
305009					0.885
310700					0.895
316384					0.89
322057					0.895
327847					0.91
333222					0.895
339229					0.91
345103					0.915
351089					0.92
356556					0.91
362638					0.91
368434					0.91
373931					0.915
379712					0.92
385522					0.915
391106					0.92
396884					0.92
402594					0.91
408442					0.915
414515					0.93
420472					0.94
426094					0.94
431960					0.945
437787					0.95
443535					0.95
449086					0.955
454682					0.95
460367					0.95
468442					0.945
474642					0.945
480088					0.93
485452					0.91
491423					0.915
496962					0.9
1587						0.0
4108						0.0
5482						0.0
7344						0.0
10246						0.0
11924						0.0
18755						0.0
20974						0.0
23170						0.0
27086						0.0
29889						0.0
32630						0.0
36715						0.0
39918						0.0
42456						0.0
45171						0.0
48252						0.0
56481						0.0
61568						0.01
65080						0.015
68478						0.025
72920						0.05
80439						0.06
85288						0.09
89936						0.12
94813						0.16
100080						0.21
105373						0.27
111151						0.32
116171						0.36
122065						0.43
127819						0.475
133580						0.53
139472						0.575
144895						0.605
150391						0.65
155446						0.66
161325						0.685
167003						0.695
172824						0.73
178228						0.74
184335						0.765
190258						0.785
195552						0.78
201642						0.805
207940						0.805
213344						0.83
218639						0.82
223811						0.805
229611						0.8
234990						0.79
241136						0.77
249396						0.74
257372						0.73
267138						0.73
273206						0.725
280610						0.71
294422						0.7
302152						0.71
309943						0.7
316899						0.715
323041						0.735
331108						0.76
337022						0.79
342373						0.755
348336						0.765
355471						0.785
361943						0.79
368409						0.795
374564						0.825
380886						0.825
387089						0.82
393102						0.83
399389						0.835
406135						0.875
412054						0.875
418357						0.855
424528						0.865
430908						0.89
438271						0.89
444241						0.86
450129						0.86
456322						0.86
462484						0.855
468352						0.85
474536						0.845
480056						0.855
485915						0.85
493779						0.845
499287						0.81
505504						0.835
511436						0.835
518068						0.835
524669						0.845
531184						0.855
537590						0.855
544101						0.865
550749						0.88
556888						0.865
563253						0.905
2177							0.0
3674							0.0
6925							0.0
11133							0.0
14234							0.0
17196							0.0
19725							0.0
22694							0.0
26157							0.0
29561							0.0
33315							0.0
36895							0.0
41110							0.0
46335							0.0
51197							0.0
56158							0.0
61776							0.0
67673							0.04
74065							0.08
79488							0.125
85039							0.16
90799							0.215
96692							0.275
103253							0.325
108636							0.365
114676							0.42
120129							0.485
128171							0.52
133755							0.55
139080							0.56
144774							0.59
150131							0.595
155571							0.615
161505							0.65
167309							0.69
173002							0.715
179191							0.735
185448							0.75
191882							0.775
197252							0.795
203567							0.825
209615							0.85
215486							0.845
220965							0.84
227290							0.855
232896							0.845
239230							0.84
245057							0.84
250999							0.825
256909							0.83
263396							0.83
269338							0.835
275780							0.855
281610							0.855
288176							0.85
294379							0.87
300923							0.885
307472							0.895
314096							0.91
320275							0.92
327131							0.925
334195							0.915
340153							0.91
346588							0.925
352186							0.905
358976							0.91
364995							0.89
373411							0.85
379157							0.835
385315							0.83
391977							0.83
398286							0.83
405230							0.835
411265							0.825
417438							0.84
423202							0.83
429165							0.845
435115							0.87
441306							0.88
448100							0.89
454369							0.875
461009							0.89
467026							0.875
473399							0.875
479364							0.86
485806							0.87
492078							0.87
498100							0.87
504083							0.865
510287							0.85
516850							0.85
523070							0.845
528736							0.845
535038							0.85
541759							0.87
548458							0.875
554321							0.86
561391							0.81
568091							0.78
573714							0.75
3653								0.0
6103								0.0
8257								0.0
10162								0.0
12633								0.0
14362								0.0
16183								0.0
20078								0.0
22583								0.0
25472								0.0
28748								0.0
31882								0.0
34754								0.0
38290								0.0
42160								0.0
45513								0.005
50586								0.02
54281								0.03
58109								0.045
61663								0.06
65462								0.085
68990								0.1
73768								0.145
77797								0.175
82117								0.225
86130								0.245
90400								0.265
94871								0.305
99822								0.345
104366								0.365
108873								0.4
113473								0.425
118189								0.43
122977								0.45
128465								0.48
133317								0.52
138693								0.545
144451								0.58
150047								0.61
155380								0.655
160911								0.68
166699								0.735
171920								0.76
177619								0.795
183036								0.805
188786								0.83
194657								0.865
200492								0.88
205884								0.88
211600								0.895
216755								0.875
222354								0.875
228192								0.895
233942								0.905
240103								0.905
245550								0.9
251449								0.905
257218								0.9
263155								0.905
269027								0.905
274679								0.925
280230								0.92
286524								0.92
292593								0.92
298352								0.92
304209								0.935
309885								0.93
315583								0.93
320959								0.93
326552								0.93
332012								0.94
337900								0.945
343518								0.94
348891								0.93
354694								0.94
360307								0.93
366076								0.935
371688								0.935
377221								0.94
382772								0.93
388872								0.935
394765								0.93
400244								0.935
406083								0.95
411955								0.935
417614								0.945
424253								0.945
429444								0.94
435055								0.94
440993								0.95
446782								0.95
452604								0.955
457945								0.95
463475								0.945
469071								0.955
474843								0.955
480739								0.955
486189								0.96
491326								0.96
497556								0.96
2866									0.0
5169									0.0
6600									0.0
8166									0.0
9998									0.0
12393									0.0
14275									0.0
16568									0.0
19544									0.0
21898									0.0
24398									0.0
28492									0.0
31830									0.0
34777									0.0
37934									0.005
43002									0.005
47301									0.01
50719									0.015
54481									0.03
58456									0.05
62932									0.075
67306									0.095
72013									0.13
76423									0.16
80264									0.175
85797									0.225
90739									0.285
96223									0.345
101852									0.41
107459									0.47
113166									0.53
118216									0.57
123673									0.6
128681									0.645
137881									0.7
142774									0.72
148129									0.735
153876									0.755
159227									0.745
164512									0.74
170431									0.755
175465									0.77
180402									0.78
186189									0.785
191587									0.79
196770									0.775
201910									0.775
207095									0.77
212066									0.765
217110									0.76
222365									0.74
227784									0.735
233523									0.74
239068									0.745
244333									0.745
250424									0.78
256018									0.795
262032									0.815
267879									0.835
273424									0.85
278859									0.85
284099									0.84
290296									0.85
296086									0.85
301993									0.845
307836									0.85
314170									0.85
320041									0.85
325672									0.86
331542									0.865
337399									0.88
343719									0.92
349465									0.925
355273									0.94
364090									0.96
369918									0.955
377457									0.955
383380									0.955
389307									0.95
394697									0.95
400718									0.955
406281									0.945
412134									0.95
417899									0.95
423944									0.945
429675									0.95
435570									0.955
441255									0.94
446919									0.935
452660									0.945
458519									0.93
464098									0.93
470044									0.92
475892									0.915
482342									0.915
488034									0.91
493828									0.905
499590									0.92
505229									0.93
510972									0.925
2851										0.0
5385										0.0
7345										0.0
9092										0.0
10895										0.0
13717										0.0
15859										0.0
17864										0.0
20698										0.0
24171										0.0
27774										0.0
30192										0.005
32610										0.005
35295										0.005
39094										0.01
43124										0.025
47262										0.045
51604										0.08
56065										0.1
59973										0.12
65174										0.18
69731										0.22
75260										0.27
79584										0.3
84663										0.34
89677										0.375
95471										0.41
100924										0.435
106814										0.48
112846										0.535
120200										0.55
127368										0.575
132833										0.59
138794										0.64
144643										0.675
151288										0.715
157235										0.74
163379										0.765
169653										0.78
175886										0.79
182379										0.8
190164										0.81
196330										0.825
202454										0.83
209804										0.84
216002										0.835
222612										0.845
229062										0.855
235150										0.865
241329										0.865
247830										0.87
254185										0.88
260914										0.9
266533										0.895
272844										0.895
279594										0.905
285749										0.895
292169										0.88
298870										0.88
304693										0.865
311056										0.86
317276										0.855
323334										0.835
329810										0.85
336661										0.845
343214										0.84
349266										0.84
355767										0.855
362534										0.855
368594										0.86
374057										0.85
380357										0.85
387004										0.87
393755										0.87
400395										0.875
406720										0.88
413030										0.89
419007										0.875
425538										0.875
432173										0.88
438764										0.895
445475										0.91
451779										0.9
458626										0.885
464301										0.86
471219										0.845
477918										0.84
485001										0.82
491769										0.795
498714										0.81
505297										0.785
512127										0.785
519267										0.785
525866										0.775
533575										0.79
540997										0.795
549121										0.79
555670										0.805
564493										0.78
571192										0.78
