194.3	-617.9
7694.9	-386.4414634146341
14786.9	-308.9172839506172
21389.6	-277.300826446281
27578.0	-255.5453416149068
33360.1	-239.68557213930347
38709.6	-226.11535269709543
43616.1	-213.6064056939502
47947.3	-201.9246105919003
52047.9	-191.8612188365651
55468.8	-180.51925
58661.1	-150.75475
61450.7	-134.25375000000003
63925.3	-118.39399999999998
66136.5	-104.06799999999998
67983.1	-90.02324999999999
69658.1	-77.23625000000001
71215.1	-66.0875
72697.8	-56.585750000000004
73938.7	-47.125750000000004
75114.0	-39.498000000000005
76233.5	-32.386250000000004
77262.2	-26.79375
78230.0	-22.04575
79131.3	-17.81475
79939.1	-14.430249999999997
80777.8	-11.642
81624.6	-9.2425
82340.4	-6.648000000000001
83034.8	-4.7935
83761.5	-3.40875
84425.8	-1.9332500000000004
85058.4	-0.6932499999999999
85678.1	0.46499999999999997
86313.9	1.25025
86906.6	1.8892499999999994
87500.5	2.6272499999999996
88089.1	3.4325
88665.8	3.87475
89225.4	4.274749999999999
89780.9	4.8175
90347.2	5.130000000000001
90908.9	5.386000000000001
91459.0	5.623
92021.7	5.86425
92561.3	6.0735
93095.9	6.25775
93649.9	6.38925
94188.3	6.547999999999999
94717.8	6.6705
95242.5	6.7677499999999995
95775.1	6.888
96304.9	6.976750000000001
96845.2	7.001250000000001
97375.8	7.10625
97906.0	7.15225
98421.4	7.20025
98941.4	7.269500000000001
99449.3	7.352499999999999
99969.4	7.3759999999999994
100486.3	7.388749999999999
100995.3	7.4567499999999995
101507.2	7.508250000000001
102029.3	7.558249999999999
102552.6	7.581
103072.4	7.611500000000001
103583.3	7.6362499999999995
104097.8	7.699499999999999
104610.7	7.687
105117.0	7.746250000000001
105630.1	7.762500000000001
106144.8	7.757249999999999
106652.1	7.741750000000001
107163.9	7.774249999999999
107680.0	7.814750000000001
108194.1	7.817749999999999
108706.5	7.813999999999998
109214.1	7.8222499999999995
109715.2	7.858500000000002
110227.9	7.83575
110734.9	7.853250000000001
111257.3	7.827249999999999
111767.0	7.8572500000000005
112276.3	7.85675
112782.2	7.884500000000001
113297.1	7.878
113794.0	7.9235
114298.6	7.9355
114811.1	7.886749999999999
115322.3	7.888249999999999
115832.4	7.896249999999999
116335.0	7.95925
116841.3	7.970000000000001
117343.1	8.0
117853.8	7.95875
118361.6	7.97875
118877.0	7.955
119377.4	7.958749999999999
119884.1	7.9845
120397.7	7.9762499999999985
191.0		-595.7
6957.5		-344.4853658536585
13289.7		-277.01851851851853
19525.8		-253.1553719008265
25357.4		-233.94906832298133
30748.2		-219.09104477611942
35468.1		-205.19253112033198
39830.9		-193.10782918149468
43810.4		-182.595015576324
47455.4		-173.35235457063712
50705.8		-163.11124999999998
53606.5		-136.27100000000002
56096.6		-121.22150000000002
58303.9		-105.50424999999998
60456.7		-92.44999999999999
62197.2		-79.713
63863.9		-69.14
65323.9		-59.438750000000006
66616.9		-50.31125
67812.8		-41.88375
68922.1		-34.911
69927.8		-28.849
70900.2		-23.758000000000003
71785.8		-19.3445
72634.2		-15.104750000000001
73463.9		-12.141499999999999
74244.5		-9.219750000000001
75022.0		-6.917249999999998
75744.0		-5.064500000000001
76428.1		-3.3732499999999996
77110.0		-1.9964999999999997
77781.9		-0.8087500000000001
78405.1		0.29374999999999996
79034.1		1.0499999999999998
79671.1		1.68425
80275.8		2.3772499999999996
80868.4		2.9237499999999996
81466.5		3.4037499999999996
82056.0		3.816
82622.4		4.22725
83190.2		4.631749999999999
83741.8		5.006749999999999
84297.0		5.197000000000001
84844.4		5.4415
85392.4		5.772
85937.2		5.98025
86482.9		6.1515
87027.7		6.3635
87581.6		6.49075
88110.2		6.596499999999999
88642.9		6.702250000000001
89176.3		6.759
89711.5		6.802249999999999
90243.1		6.85075
90762.6		6.921999999999999
91292.0		6.969500000000001
91817.5		7.0177499999999995
92345.2		7.078500000000001
92871.3		7.181749999999999
93384.0		7.23725
93905.0		7.266499999999999
94427.7		7.3134999999999994
94934.3		7.423250000000001
95457.2		7.48775
95973.2		7.494249999999999
96483.4		7.560249999999999
96997.1		7.605499999999999
97511.0		7.662499999999999
98030.3		7.6659999999999995
98541.2		7.6705
99059.1		7.694
99580.2		7.715999999999999
100090.4		7.697999999999999
100608.7		7.70275
101122.1		7.727250000000001
101633.3		7.736
102154.7		7.705500000000001
102663.5		7.718249999999999
103169.7		7.75775
103677.5		7.774500000000001
104189.0		7.781499999999999
104694.7		7.808750000000001
105211.2		7.79525
105716.8		7.833749999999999
106220.0		7.85925
106727.3		7.864500000000001
107243.4		7.8935
107767.0		7.84975
108284.9		7.825
108792.3		7.8215
109292.5		7.861
109803.0		7.846749999999998
110310.1		7.86575
110838.0		7.789750000000001
111352.1		7.77825
111867.8		7.7459999999999996
112382.8		7.7555000000000005
112897.0		7.78575
113412.7		7.80025
113913.1		7.8155
192.3			-605.4
5990.4			-298.00243902439024
11375.2			-235.1716049382716
16650.1			-212.10578512396697
21608.0			-196.6968944099379
26259.5			-184.85771144278607
30232.4			-171.76763485477176
34160.3			-162.86761565836298
37238.0			-152.209968847352
40421.3			-144.70692520775626
43328.4			-136.22475
45768.6			-112.63574999999999
47958.4			-100.53
49906.9			-87.92475000000002
51658.1			-76.08975000000001
53178.6			-64.732
54649.5			-56.470749999999995
55965.0			-47.277249999999995
57241.0			-41.29925
58365.3			-34.06675
59407.5			-27.888749999999998
60360.1			-23.148249999999997
61261.2			-18.74375
62131.6			-15.16425
62979.4			-12.291500000000001
63757.9			-10.0135
64512.6			-7.6785
65291.3			-6.035000000000001
66004.0			-4.1587499999999995
66681.3			-2.6542499999999993
67346.3			-1.4052499999999999
68021.9			-0.51475
68682.7			0.30199999999999994
69322.0			1.0215
69949.9			1.65675
70573.1			2.15075
71191.6			2.615
71795.4			3.1580000000000004
72382.5			3.56875
72941.8			3.911
73525.2			4.184749999999999
74101.8			4.556
74662.4			4.9167499999999995
75224.9			5.169500000000001
75780.9			5.47075
76340.2			5.666500000000001
76892.6			5.872249999999999
77447.3			6.066999999999998
77990.1			6.2115
78525.2			6.267500000000001
79069.2			6.37275
79612.0			6.502249999999999
80148.7			6.56875
80689.4			6.645750000000001
81217.0			6.737
81733.8			6.8815
82252.8			6.960500000000001
82784.6			7.0065
83312.7			7.068
83847.6			7.088749999999999
84389.1			7.1129999999999995
84909.5			7.182499999999999
85438.1			7.2455
85958.2			7.32175
86493.7			7.29525
87014.6			7.285000000000001
87545.7			7.2525
88060.5			7.319750000000001
88569.1			7.3685
89085.6			7.405500000000001
89614.6			7.439000000000002
90138.0			7.42475
90660.2			7.449749999999999
91183.2			7.428999999999999
91706.7			7.479249999999999
92221.4			7.515000000000001
92744.4			7.523999999999999
93252.7			7.551500000000002
93768.1			7.541250000000001
94291.2			7.547250000000001
94795.4			7.622750000000001
95311.0			7.6625
95829.0			7.67075
96340.5			7.699499999999999
96856.1			7.726000000000001
97383.3			7.674499999999999
97896.6			7.7235
98416.7			7.691750000000001
98939.2			7.664999999999999
99452.2			7.67675
99963.2			7.6575000000000015
100487.0			7.616750000000001
101003.4			7.6185
101502.5			7.66525
102024.4			7.636
102543.8			7.6892499999999995
103058.4			7.708499999999998
103576.1			7.70325
104079.7			7.764
104588.1			7.7844999999999995
110.1				-320.1
3972.7				-188.79756097560977
7797.5				-156.83209876543208
11503.6				-141.90826446280988
14836.9				-130.02732919254655
17831.2				-119.06318407960198
20643.3				-111.15186721991702
23080.7				-103.44839857651246
25451.2				-97.69563862928348
27536.4				-91.5972299168975
29486.7				-85.6875
31249.4				-70.49425
32730.2				-60.468750000000014
34220.0				-51.78175
35602.9				-44.424
36851.1				-38.55500000000001
38003.5				-32.71675
39150.0				-28.314999999999998
40166.5				-23.480249999999998
41199.2				-20.100500000000004
42176.5				-16.951
43049.5				-13.991750000000001
43902.4				-11.918750000000001
44829.2				-10.05
45626.7				-8.1695
46447.9				-6.78475
47186.7				-5.445500000000001
48044.0				-4.42325
48768.6				-3.462500000000001
49464.0				-2.38075
50174.0				-1.59475
50929.3				-1.224
51596.6				-0.65425
52244.6				0.294
52911.7				0.7602500000000002
53598.9				1.24825
54268.1				1.4709999999999999
54909.9				2.09525
55591.1				2.2735000000000003
56216.8				2.5122500000000003
56857.6				2.7677500000000004
57458.3				3.2607500000000003
58051.4				3.50775
58637.4				3.66725
59239.3				3.8415
59808.3				4.2067499999999995
60355.6				4.588
60938.7				4.787249999999999
61536.6				5.042
62117.8				5.1525
62701.2				5.3305
63349.9				5.22325
63930.7				5.269
64494.7				5.373500000000002
65088.7				5.409000000000001
65649.1				5.42825
66258.6				5.258500000000001
66836.1				5.30475
67377.3				5.50575
67976.5				5.47725
68542.0				5.53625
69093.0				5.83975
69641.1				5.9334999999999996
70190.7				6.0009999999999994
70754.9				6.121249999999999
71364.8				5.97725
71914.5				6.1545000000000005
72465.5				6.232000000000001
73000.3				6.22625
73554.2				6.368
74119.5				6.371499999999999
74679.1				6.3545
75247.0				6.338
75797.0				6.323500000000001
76322.7				6.4475
76910.1				6.5
77464.0				6.5045
78009.2				6.51225
78540.2				6.5375
79090.0				6.53425
79631.3				6.60475
80155.8				6.7067499999999995
80673.7				6.822
81205.1				6.89175
81757.4				6.788499999999999
82298.8				6.923
82853.6				6.911
83386.4				6.953999999999999
83953.9				6.8454999999999995
84479.2				6.920999999999999
85001.1				6.97925
85539.9				6.92025
86054.0				6.9275
86623.9				6.823
87155.2				6.909999999999999
87719.3				6.856999999999999
88238.4				6.972499999999999
88784.8				6.937750000000001
89328.6				7.01575
89841.1				7.0635
163.3					-517.9
6242.0					-261.04878048780495
11557.3					-210.5901234567901
16018.2					-180.5628099173554
19563.7					-157.644099378882
22607.0					-140.481592039801
25339.3					-126.73734439834024
27639.5					-115.22740213523132
29856.6					-106.39719626168225
31791.7					-98.54155124653741
33546.4					-90.453
35290.1					-67.7715
36596.7					-53.4455
38037.3					-43.3695
39475.8					-36.3755
40988.0					-31.310250000000003
42148.9					-26.616750000000003
43294.2					-23.101000000000003
44618.9					-20.228
45714.8					-17.587
46842.9					-15.743
47820.9					-13.531749999999999
48909.6					-12.809999999999999
50215.2					-12.3525
51404.6					-11.62775
52399.8					-10.14625
53454.8					-9.814
54353.3					-9.050749999999999
55202.8					-7.655000000000001
56082.1					-7.00625
57001.7					-6.402499999999999
58022.1					-6.453
59008.9					-6.16
59941.3					-5.107000000000001
60841.1					-4.312499999999999
61848.3					-4.34175
62599.6					-3.4707500000000002
63390.9					-3.1585
64287.2					-3.27475
65098.2					-3.0807499999999997
65940.1					-2.84675
66800.7					-2.43675
67531.6					-1.70625
68239.1					-1.07575
68934.8					-0.4904999999999998
69609.6					0.45150000000000007
70366.6					0.4282499999999998
71054.4					0.7184999999999999
71872.8					0.9357499999999994
72641.7					1.0590000000000002
73354.2					1.4125
74087.1					1.7857499999999997
74817.7					1.767
75462.1					1.9472499999999997
76059.7					2.2217499999999997
76666.3					2.4379999999999997
77317.2					2.74225
77883.6					3.0742499999999997
78422.9					3.8560000000000003
79009.8					4.3815
79608.9					4.6987499999999995
80249.6					4.959250000000001
80792.2					5.513249999999999
81329.2					5.8267500000000005
81878.3					5.94575
82498.9					5.90025
83063.6					6.133
83672.9					6.013
84248.6					5.89575
84838.6					5.8865
85361.6					6.109
85876.2					6.4565
86386.1					6.53075
86893.0					6.587999999999999
87393.4					6.745
87898.8					7.055499999999999
88403.6					7.230000000000001
88922.2					7.494250000000001
89433.7					7.6885
89943.9					7.91725
90445.4					7.95975
90958.3					7.968500000000001
91466.4					7.977500000000001
91964.3					8.00675
92466.5					8.008999999999999
92973.1					8.01275
93481.8					7.9827499999999985
93993.1					8.01675
94498.5					8.041
95006.6					8.03275
95512.6					8.019250000000003
96026.2					8.008500000000002
96542.8					7.96925
97048.5					7.95875
97558.1					7.9155
98070.3					7.9015
98578.6					7.889000000000001
99087.1					7.875749999999999
99598.9					7.85525
100107.1					7.861750000000001
170.6						-539.3
4605.7						-187.0487804878049
8608.3						-150.49382716049382
12336.7						-132.00330578512398
15611.5						-118.22670807453417
18590.7						-107.91044776119402
21352.6						-99.67634854771784
23828.8						-92.66939501779359
26310.1						-87.23395638629285
28902.8						-83.38393351800555
30968.5						-77.678
33198.7						-63.999
35391.0						-56.66375000000001
37328.5						-50.4675
39244.1						-46.04725
41163.4						-42.634
43183.2						-40.344500000000004
44739.8						-37.46425
46437.7						-35.142
47909.2						-31.827499999999997
49419.2						-30.0805
50970.6						-28.05725
52616.2						-26.530749999999994
54312.0						-25.8305
56058.1						-25.271000000000004
57940.7						-25.089999999999996
59246.7						-23.0055
60799.3						-22.973000000000003
62472.4						-22.87725
63732.6						-22.274
65109.5						-21.9
66307.6						-20.920750000000005
67453.8						-19.487000000000002
68814.7						-18.51175
69850.1						-16.516
71056.8						-14.64325
72128.0						-13.9745
73416.0						-13.24325
74794.0						-12.420749999999998
75815.9						-11.74475
76846.0						-10.78175
77838.2						-10.192
78864.2						-9.835249999999998
79715.0						-8.4145
80606.2						-8.013499999999999
81500.3						-7.14575
82251.8						-6.235499999999999
83274.4						-5.473000000000001
84112.3						-3.936
84842.1						-3.1165
85624.0						-2.4299999999999997
86382.4						-1.781
87136.1						-1.0132499999999998
87888.2						-0.7185
88729.4						-0.6055000000000001
89547.9						-0.38574999999999965
90367.9						-0.5645
91076.0						0.3027499999999999
91957.2						0.16750000000000026
92757.6						-0.0322499999999998
93493.5						0.1277499999999998
94229.0						0.19550000000000037
94869.5						0.49124999999999996
95547.1						0.6737499999999997
96379.5						0.7310000000000001
97016.9						1.27225
97751.8						1.4962499999999999
98476.9						1.4529999999999998
99226.3						1.8230000000000004
100032.6						1.7985
100752.8						1.8610000000000002
101461.7						1.935
102144.0						1.8125000000000004
102816.8						1.8290000000000002
103493.6						2.2705
104038.8						2.51075
104734.5						2.60575
105466.7						2.5775
106132.2						2.8337499999999998
106761.0						3.3412499999999996
107342.8						3.7022499999999994
107910.0						4.074500000000001
108465.9						4.4445
109036.0						4.749250000000001
109654.1						4.908
110216.9						4.821250000000001
110840.8						5.042
111514.9						5.212000000000001
112202.9						5.147500000000001
112790.3						5.271999999999999
113399.1						5.224
114003.9						5.137500000000001
114606.4						4.997
115211.2						4.87875
115772.5						5.03725
116340.0						5.063000000000001
117009.8						4.919
117559.6						5.29125
118149.8						5.571
118683.5						5.7345
50.1							-117.6
2239.6							-82.16585365853658
4308.8							-65.98765432098766
6461.7							-59.19421487603306
8661.3							-55.067701863354046
10941.9							-52.7313432835821
13007.1							-50.053941908713696
15276.6							-48.9779359430605
17742.3							-48.88971962616822
19801.3							-47.55235457063712
21879.6							-46.3845
24067.7							-42.241
25861.6							-40.15475
27670.3							-38.5345
29570.8							-37.45
31454.5							-36.19225000000001
33125.1							-35.019
34604.1							-32.745000000000005
36354.9							-30.65475
37972.0							-29.340750000000003
39474.4							-27.60775
40781.1							-25.061500000000002
42229.5							-24.080000000000002
43565.7							-22.74425
44906.6							-21.12625
46239.4							-19.602749999999997
47689.2							-18.984
49065.6							-18.67575
50362.4							-17.4035
51647.0							-16.429750000000002
52961.4							-15.87575
54085.5							-15.38175
55495.1							-15.257
56654.6							-14.719249999999999
57940.2							-14.580250000000001
59126.2							-14.126999999999999
60420.5							-13.663999999999998
61679.7							-13.3035
62820.2							-12.80625
64011.1							-12.5255
65076.4							-11.797
66152.8							-11.641749999999998
67186.6							-10.594249999999999
68145.9							-10.0285
69153.6							-9.19575
70259.9							-8.989749999999999
71340.4							-8.399750000000001
72227.8							-7.345750000000001
73181.5							-6.84125
74162.9							-6.27325
75092.1							-5.8955
75964.0							-5.34825
76825.4							-4.860250000000001
77778.9							-4.82775
78723.6							-4.677
79580.7							-3.99475
80494.2							-3.5067499999999994
81499.2							-3.8569999999999993
82299.0							-3.4137500000000003
83222.9							-3.246
84134.8							-3.21325
85024.3							-3.25125
85920.0							-3.31825
87023.5							-3.7352499999999997
87932.9							-3.6387499999999995
88677.9							-3.28425
89431.5							-2.8455
90312.0							-2.4884999999999997
91096.0							-2.4519999999999995
91901.2							-2.1215
92627.0							-1.6247500000000001
93246.3							-0.8825000000000001
93863.9							-0.12725000000000003
94443.6							1.33975
94989.6							2.36375
95537.1							2.908499999999999
96132.9							3.3299999999999996
96780.0							3.97725
97438.9							4.335749999999999
98076.5							4.8004999999999995
98678.5							5.17975
99265.0							5.2715
99790.9							5.5315
100392.7							5.471
100987.1							5.33875
101551.2							5.28075
102132.2							5.338749999999999
102700.7							5.55325
103220.3							5.942749999999999
103794.9							6.143750000000001
104408.7							6.078250000000001
104970.5							6.16775
105504.3							6.160749999999999
106017.5							6.404000000000001
106560.4							6.539499999999999
107095.3							6.6274999999999995
107648.4							6.702500000000001
108210.9							6.7204999999999995
108735.4							6.688
109239.5							6.86425
